t,src,dst,bytes,kind,action,cos,reason
0,S11,ORCH,1040,model_delta,send,,
0,S6,ORCH,1040,model_delta,send,,
0,S9,ORCH,1040,model_delta,send,,
0,S13,ORCH,1040,model_delta,send,,
0,S2,ORCH,1040,model_delta,send,,
0,S8,ORCH,1040,model_delta,send,,
0,S17,ORCH,1040,model_delta,send,,
0,S3,ORCH,1040,model_delta,send,,
0,S15,ORCH,1040,model_delta,send,,
0,S7,ORCH,1040,model_delta,send,,
0,S10,ORCH,1040,model_delta,send,,
0,S4,ORCH,1040,model_delta,send,,
0,S14,ORCH,1040,model_delta,send,,
0,S16,ORCH,1040,model_delta,send,,
0,S5,ORCH,1040,model_delta,send,,
0,S8,ORCH,1040,model_delta,recv,,
0,S13,ORCH,1040,model_delta,recv,,
0,S10,ORCH,1040,model_delta,recv,,
0,S7,ORCH,1040,model_delta,recv,,
0,S9,ORCH,1040,model_delta,recv,,
0,S5,ORCH,1040,model_delta,recv,,
0,S4,ORCH,1040,model_delta,recv,,
0,S14,ORCH,1040,model_delta,recv,,
0,S15,ORCH,1040,model_delta,recv,,
0,S3,ORCH,1040,model_delta,recv,,
0,S6,ORCH,1040,model_delta,recv,,
0,S16,ORCH,1040,model_delta,recv,,
0,S11,ORCH,1040,model_delta,recv,,
0,S2,ORCH,1040,model_delta,recv,,
0,S17,ORCH,1040,model_delta,recv,,
0,ORCH,S10,1040,agg,send,,
0,ORCH,S10,1040,agg,recv,,
0,ORCH,S11,1040,agg,send,,
0,ORCH,S11,1040,agg,recv,,
0,ORCH,S13,1040,agg,send,,
0,ORCH,S13,1040,agg,recv,,
0,ORCH,S14,1040,agg,send,,
0,ORCH,S14,1040,agg,recv,,
0,ORCH,S15,1040,agg,send,,
0,ORCH,S15,1040,agg,recv,,
0,ORCH,S16,1040,agg,send,,
0,ORCH,S16,1040,agg,recv,,
0,ORCH,S17,1040,agg,send,,
0,ORCH,S17,1040,agg,recv,,
0,ORCH,S2,1040,agg,send,,
0,ORCH,S2,1040,agg,recv,,
0,ORCH,S3,1040,agg,send,,
0,ORCH,S3,1040,agg,recv,,
0,ORCH,S4,1040,agg,send,,
0,ORCH,S4,1040,agg,recv,,
0,ORCH,S5,1040,agg,send,,
0,ORCH,S5,1040,agg,recv,,
0,ORCH,S6,1040,agg,send,,
0,ORCH,S6,1040,agg,recv,,
0,ORCH,S7,1040,agg,send,,
0,ORCH,S7,1040,agg,recv,,
0,ORCH,S8,1040,agg,send,,
0,ORCH,S8,1040,agg,recv,,
0,ORCH,S9,1040,agg,send,,
0,ORCH,S9,1040,agg,recv,,
1,S5,ORCH,1040,model_delta,send,,
1,S11,ORCH,1040,model_delta,send,,
1,S17,ORCH,1040,model_delta,send,,
1,S10,ORCH,1040,model_delta,send,,
1,S4,ORCH,1040,model_delta,send,,
1,S7,ORCH,1040,model_delta,send,,
1,S3,ORCH,1040,model_delta,send,,
1,S6,ORCH,1040,model_delta,send,,
1,S2,ORCH,1040,model_delta,send,,
1,S14,ORCH,1040,model_delta,send,,
1,S13,ORCH,1040,model_delta,send,,
1,S8,ORCH,1040,model_delta,send,,
1,S15,ORCH,1040,model_delta,send,,
1,S16,ORCH,1040,model_delta,send,,
1,S9,ORCH,1040,model_delta,send,,
1,S11,ORCH,1040,model_delta,recv,,
1,S14,ORCH,1040,model_delta,recv,,
1,S4,ORCH,1040,model_delta,recv,,
1,S3,ORCH,1040,model_delta,recv,,
1,S5,ORCH,1040,model_delta,recv,,
1,S8,ORCH,1040,model_delta,recv,,
1,S13,ORCH,1040,model_delta,recv,,
1,S15,ORCH,1040,model_delta,recv,,
1,S10,ORCH,1040,model_delta,recv,,
1,S9,ORCH,1040,model_delta,recv,,
1,S16,ORCH,1040,model_delta,recv,,
1,S17,ORCH,1040,model_delta,recv,,
1,S2,ORCH,1040,model_delta,recv,,
1,S6,ORCH,1040,model_delta,recv,,
1,S7,ORCH,1040,model_delta,recv,,
1,ORCH,S10,1040,agg,send,,
1,ORCH,S10,1040,agg,recv,,
1,ORCH,S11,1040,agg,send,,
1,ORCH,S11,1040,agg,recv,,
1,ORCH,S13,1040,agg,send,,
1,ORCH,S13,1040,agg,recv,,
1,ORCH,S14,1040,agg,send,,
1,ORCH,S14,1040,agg,recv,,
1,ORCH,S15,1040,agg,send,,
1,ORCH,S15,1040,agg,recv,,
1,ORCH,S16,1040,agg,send,,
1,ORCH,S16,1040,agg,recv,,
1,ORCH,S17,1040,agg,send,,
1,ORCH,S17,1040,agg,recv,,
1,ORCH,S2,1040,agg,send,,
1,ORCH,S2,1040,agg,recv,,
1,ORCH,S3,1040,agg,send,,
1,ORCH,S3,1040,agg,recv,,
1,ORCH,S4,1040,agg,send,,
1,ORCH,S4,1040,agg,recv,,
1,ORCH,S5,1040,agg,send,,
1,ORCH,S5,1040,agg,recv,,
1,ORCH,S6,1040,agg,send,,
1,ORCH,S6,1040,agg,recv,,
1,ORCH,S7,1040,agg,send,,
1,ORCH,S7,1040,agg,recv,,
1,ORCH,S8,1040,agg,send,,
1,ORCH,S8,1040,agg,recv,,
1,ORCH,S9,1040,agg,send,,
1,ORCH,S9,1040,agg,recv,,
2,S9,ORCH,1040,model_delta,send,,
2,S4,ORCH,1040,model_delta,send,,
2,S6,ORCH,1040,model_delta,send,,
2,S8,ORCH,1040,model_delta,send,,
2,S13,ORCH,1040,model_delta,send,,
2,S2,ORCH,1040,model_delta,send,,
2,S11,ORCH,1040,model_delta,send,,
2,S14,ORCH,1040,model_delta,send,,
2,S5,ORCH,1040,model_delta,send,,
2,S16,ORCH,1040,model_delta,send,,
2,S15,ORCH,1040,model_delta,send,,
2,S17,ORCH,1040,model_delta,send,,
2,S10,ORCH,1040,model_delta,send,,
2,S3,ORCH,1040,model_delta,send,,
2,S7,ORCH,1040,model_delta,send,,
2,S10,ORCH,1040,model_delta,recv,,
2,S3,ORCH,1040,model_delta,recv,,
2,S11,ORCH,1040,model_delta,recv,,
2,S2,ORCH,1040,model_delta,recv,,
2,S4,ORCH,1040,model_delta,recv,,
2,S13,ORCH,1040,model_delta,recv,,
2,S5,ORCH,1040,model_delta,recv,,
2,S14,ORCH,1040,model_delta,recv,,
2,S6,ORCH,1040,model_delta,recv,,
2,S15,ORCH,1040,model_delta,recv,,
2,S7,ORCH,1040,model_delta,recv,,
2,S16,ORCH,1040,model_delta,recv,,
2,S17,ORCH,1040,model_delta,recv,,
2,S8,ORCH,1040,model_delta,recv,,
2,S9,ORCH,1040,model_delta,recv,,
2,ORCH,S10,1040,agg,send,,
2,ORCH,S10,1040,agg,recv,,
2,ORCH,S11,1040,agg,send,,
2,ORCH,S11,1040,agg,recv,,
2,ORCH,S13,1040,agg,send,,
2,ORCH,S13,1040,agg,recv,,
2,ORCH,S14,1040,agg,send,,
2,ORCH,S14,1040,agg,recv,,
2,ORCH,S15,1040,agg,send,,
2,ORCH,S15,1040,agg,recv,,
2,ORCH,S16,1040,agg,send,,
2,ORCH,S16,1040,agg,recv,,
2,ORCH,S17,1040,agg,send,,
2,ORCH,S17,1040,agg,recv,,
2,ORCH,S2,1040,agg,send,,
2,ORCH,S2,1040,agg,recv,,
2,ORCH,S3,1040,agg,send,,
2,ORCH,S3,1040,agg,recv,,
2,ORCH,S4,1040,agg,send,,
2,ORCH,S4,1040,agg,recv,,
2,ORCH,S5,1040,agg,send,,
2,ORCH,S5,1040,agg,recv,,
2,ORCH,S6,1040,agg,send,,
2,ORCH,S6,1040,agg,recv,,
2,ORCH,S7,1040,agg,send,,
2,ORCH,S7,1040,agg,recv,,
2,ORCH,S8,1040,agg,send,,
2,ORCH,S8,1040,agg,recv,,
2,ORCH,S9,1040,agg,send,,
2,ORCH,S9,1040,agg,recv,,
3,S14,ORCH,1040,model_delta,send,,
3,S8,ORCH,1040,model_delta,send,,
3,S7,ORCH,1040,model_delta,send,,
3,S9,ORCH,1040,model_delta,send,,
3,S2,ORCH,1040,model_delta,send,,
3,S10,ORCH,1040,model_delta,send,,
3,S15,ORCH,1040,model_delta,send,,
3,S11,ORCH,1040,model_delta,send,,
3,S6,ORCH,1040,model_delta,send,,
3,S4,ORCH,1040,model_delta,send,,
3,S13,ORCH,1040,model_delta,send,,
3,S16,ORCH,1040,model_delta,send,,
3,S3,ORCH,1040,model_delta,send,,
3,S5,ORCH,1040,model_delta,send,,
3,S17,ORCH,1040,model_delta,send,,
3,S15,ORCH,1040,model_delta,recv,,
3,S16,ORCH,1040,model_delta,recv,,
3,S2,ORCH,1040,model_delta,recv,,
3,S10,ORCH,1040,model_delta,recv,,
3,S11,ORCH,1040,model_delta,recv,,
3,S8,ORCH,1040,model_delta,recv,,
3,S4,ORCH,1040,model_delta,recv,,
3,S14,ORCH,1040,model_delta,recv,,
3,S17,ORCH,1040,model_delta,recv,,
3,S5,ORCH,1040,model_delta,recv,,
3,S3,ORCH,1040,model_delta,recv,,
3,S6,ORCH,1040,model_delta,recv,,
3,S9,ORCH,1040,model_delta,recv,,
3,S13,ORCH,1040,model_delta,recv,,
3,S7,ORCH,1040,model_delta,recv,,
3,ORCH,S10,1040,agg,send,,
3,ORCH,S10,1040,agg,recv,,
3,ORCH,S11,1040,agg,send,,
3,ORCH,S11,1040,agg,recv,,
3,ORCH,S13,1040,agg,send,,
3,ORCH,S13,1040,agg,recv,,
3,ORCH,S14,1040,agg,send,,
3,ORCH,S14,1040,agg,recv,,
3,ORCH,S15,1040,agg,send,,
3,ORCH,S15,1040,agg,recv,,
3,ORCH,S16,1040,agg,send,,
3,ORCH,S16,1040,agg,recv,,
3,ORCH,S17,1040,agg,send,,
3,ORCH,S17,1040,agg,recv,,
3,ORCH,S2,1040,agg,send,,
3,ORCH,S2,1040,agg,recv,,
3,ORCH,S3,1040,agg,send,,
3,ORCH,S3,1040,agg,recv,,
3,ORCH,S4,1040,agg,send,,
3,ORCH,S4,1040,agg,recv,,
3,ORCH,S5,1040,agg,send,,
3,ORCH,S5,1040,agg,recv,,
3,ORCH,S6,1040,agg,send,,
3,ORCH,S6,1040,agg,recv,,
3,ORCH,S7,1040,agg,send,,
3,ORCH,S7,1040,agg,recv,,
3,ORCH,S8,1040,agg,send,,
3,ORCH,S8,1040,agg,recv,,
3,ORCH,S9,1040,agg,send,,
3,ORCH,S9,1040,agg,recv,,
4,S9,ORCH,1040,model_delta,send,,
4,S17,ORCH,1040,model_delta,send,,
4,S8,ORCH,1040,model_delta,send,,
4,S4,ORCH,1040,model_delta,send,,
4,S13,ORCH,1040,model_delta,send,,
4,S2,ORCH,1040,model_delta,send,,
4,S14,ORCH,1040,model_delta,send,,
4,S5,ORCH,1040,model_delta,send,,
4,S16,ORCH,1040,model_delta,send,,
4,S11,ORCH,1040,model_delta,send,,
4,S15,ORCH,1040,model_delta,send,,
4,S10,ORCH,1040,model_delta,send,,
4,S6,ORCH,1040,model_delta,send,,
4,S7,ORCH,1040,model_delta,send,,
4,S3,ORCH,1040,model_delta,send,,
4,S17,ORCH,1040,model_delta,recv,,
4,S16,ORCH,1040,model_delta,recv,,
4,S15,ORCH,1040,model_delta,recv,,
4,S14,ORCH,1040,model_delta,recv,,
4,S13,ORCH,1040,model_delta,recv,,
4,S7,ORCH,1040,model_delta,recv,,
4,S9,ORCH,1040,model_delta,recv,,
4,S8,ORCH,1040,model_delta,recv,,
4,S10,ORCH,1040,model_delta,recv,,
4,S6,ORCH,1040,model_delta,recv,,
4,S5,ORCH,1040,model_delta,recv,,
4,S11,ORCH,1040,model_delta,recv,,
4,S4,ORCH,1040,model_delta,recv,,
4,S3,ORCH,1040,model_delta,recv,,
4,S2,ORCH,1040,model_delta,recv,,
4,ORCH,S10,1040,agg,send,,
4,ORCH,S10,1040,agg,recv,,
4,ORCH,S11,1040,agg,send,,
4,ORCH,S11,1040,agg,recv,,
4,ORCH,S13,1040,agg,send,,
4,ORCH,S13,1040,agg,recv,,
4,ORCH,S14,1040,agg,send,,
4,ORCH,S14,1040,agg,recv,,
4,ORCH,S15,1040,agg,send,,
4,ORCH,S15,1040,agg,recv,,
4,ORCH,S16,1040,agg,send,,
4,ORCH,S16,1040,agg,recv,,
4,ORCH,S17,1040,agg,send,,
4,ORCH,S17,1040,agg,recv,,
4,ORCH,S2,1040,agg,send,,
4,ORCH,S2,1040,agg,recv,,
4,ORCH,S3,1040,agg,send,,
4,ORCH,S3,1040,agg,recv,,
4,ORCH,S4,1040,agg,send,,
4,ORCH,S4,1040,agg,recv,,
4,ORCH,S5,1040,agg,send,,
4,ORCH,S5,1040,agg,recv,,
4,ORCH,S6,1040,agg,send,,
4,ORCH,S6,1040,agg,recv,,
4,ORCH,S7,1040,agg,send,,
4,ORCH,S7,1040,agg,recv,,
4,ORCH,S8,1040,agg,send,,
4,ORCH,S8,1040,agg,recv,,
4,ORCH,S9,1040,agg,send,,
4,ORCH,S9,1040,agg,recv,,
5,S6,ORCH,1040,model_delta,send,,
5,S13,ORCH,1040,model_delta,send,,
5,S2,ORCH,1040,model_delta,send,,
5,S14,ORCH,1040,model_delta,send,,
5,S15,ORCH,1040,model_delta,send,,
5,S3,ORCH,1040,model_delta,send,,
5,S10,ORCH,1040,model_delta,send,,
5,S4,ORCH,1040,model_delta,send,,
5,S8,ORCH,1040,model_delta,send,,
5,S11,ORCH,1040,model_delta,send,,
5,S7,ORCH,1040,model_delta,send,,
5,S16,ORCH,1040,model_delta,send,,
5,S9,ORCH,1040,model_delta,send,,
5,S5,ORCH,1040,model_delta,send,,
5,S17,ORCH,1040,model_delta,send,,
5,S11,ORCH,1040,model_delta,recv,,
5,S6,ORCH,1040,model_delta,recv,,
5,S7,ORCH,1040,model_delta,recv,,
5,S2,ORCH,1040,model_delta,recv,,
5,S4,ORCH,1040,model_delta,recv,,
5,S13,ORCH,1040,model_delta,recv,,
5,S16,ORCH,1040,model_delta,recv,,
5,S9,ORCH,1040,model_delta,recv,,
5,S15,ORCH,1040,model_delta,recv,,
5,S10,ORCH,1040,model_delta,recv,,
5,S8,ORCH,1040,model_delta,recv,,
5,S14,ORCH,1040,model_delta,recv,,
5,S3,ORCH,1040,model_delta,recv,,
5,S5,ORCH,1040,model_delta,recv,,
5,S17,ORCH,1040,model_delta,recv,,
5,ORCH,S10,1040,agg,send,,
5,ORCH,S10,1040,agg,recv,,
5,ORCH,S11,1040,agg,send,,
5,ORCH,S11,1040,agg,recv,,
5,ORCH,S13,1040,agg,send,,
5,ORCH,S13,1040,agg,recv,,
5,ORCH,S14,1040,agg,send,,
5,ORCH,S14,1040,agg,recv,,
5,ORCH,S15,1040,agg,send,,
5,ORCH,S15,1040,agg,recv,,
5,ORCH,S16,1040,agg,send,,
5,ORCH,S16,1040,agg,recv,,
5,ORCH,S17,1040,agg,send,,
5,ORCH,S17,1040,agg,recv,,
5,ORCH,S2,1040,agg,send,,
5,ORCH,S2,1040,agg,recv,,
5,ORCH,S3,1040,agg,send,,
5,ORCH,S3,1040,agg,recv,,
5,ORCH,S4,1040,agg,send,,
5,ORCH,S4,1040,agg,recv,,
5,ORCH,S5,1040,agg,send,,
5,ORCH,S5,1040,agg,recv,,
5,ORCH,S6,1040,agg,send,,
5,ORCH,S6,1040,agg,recv,,
5,ORCH,S7,1040,agg,send,,
5,ORCH,S7,1040,agg,recv,,
5,ORCH,S8,1040,agg,send,,
5,ORCH,S8,1040,agg,recv,,
5,ORCH,S9,1040,agg,send,,
5,ORCH,S9,1040,agg,recv,,
6,S8,ORCH,1040,model_delta,send,,
6,S6,ORCH,1040,model_delta,send,,
6,S11,ORCH,1040,model_delta,send,,
6,S15,ORCH,1040,model_delta,send,,
6,S4,ORCH,1040,model_delta,send,,
6,S3,ORCH,1040,model_delta,send,,
6,S16,ORCH,1040,model_delta,send,,
6,S7,ORCH,1040,model_delta,send,,
6,S17,ORCH,1040,model_delta,send,,
6,S14,ORCH,1040,model_delta,send,,
6,S10,ORCH,1040,model_delta,send,,
6,S9,ORCH,1040,model_delta,send,,
6,S13,ORCH,1040,model_delta,send,,
6,S2,ORCH,1040,model_delta,send,,
6,S5,ORCH,1040,model_delta,send,,
6,S15,ORCH,1040,model_delta,recv,,
6,S17,ORCH,1040,model_delta,recv,,
6,S16,ORCH,1040,model_delta,recv,,
6,S13,ORCH,1040,model_delta,recv,,
6,S7,ORCH,1040,model_delta,recv,,
6,S10,ORCH,1040,model_delta,recv,,
6,S11,ORCH,1040,model_delta,recv,,
6,S4,ORCH,1040,model_delta,recv,,
6,S6,ORCH,1040,model_delta,recv,,
6,S2,ORCH,1040,model_delta,recv,,
6,S14,ORCH,1040,model_delta,recv,,
6,S8,ORCH,1040,model_delta,recv,,
6,S9,ORCH,1040,model_delta,recv,,
6,S3,ORCH,1040,model_delta,recv,,
6,S5,ORCH,1040,model_delta,recv,,
6,ORCH,S10,1040,agg,send,,
6,ORCH,S10,1040,agg,recv,,
6,ORCH,S11,1040,agg,send,,
6,ORCH,S11,1040,agg,recv,,
6,ORCH,S13,1040,agg,send,,
6,ORCH,S13,1040,agg,recv,,
6,ORCH,S14,1040,agg,send,,
6,ORCH,S14,1040,agg,recv,,
6,ORCH,S15,1040,agg,send,,
6,ORCH,S15,1040,agg,recv,,
6,ORCH,S16,1040,agg,send,,
6,ORCH,S16,1040,agg,recv,,
6,ORCH,S17,1040,agg,send,,
6,ORCH,S17,1040,agg,recv,,
6,ORCH,S2,1040,agg,send,,
6,ORCH,S2,1040,agg,recv,,
6,ORCH,S3,1040,agg,send,,
6,ORCH,S3,1040,agg,recv,,
6,ORCH,S4,1040,agg,send,,
6,ORCH,S4,1040,agg,recv,,
6,ORCH,S5,1040,agg,send,,
6,ORCH,S5,1040,agg,recv,,
6,ORCH,S6,1040,agg,send,,
6,ORCH,S6,1040,agg,recv,,
6,ORCH,S7,1040,agg,send,,
6,ORCH,S7,1040,agg,recv,,
6,ORCH,S8,1040,agg,send,,
6,ORCH,S8,1040,agg,recv,,
6,ORCH,S9,1040,agg,send,,
6,ORCH,S9,1040,agg,recv,,
7,S17,ORCH,1040,model_delta,send,,
7,S14,ORCH,1040,model_delta,send,,
7,S16,ORCH,1040,model_delta,send,,
7,S6,ORCH,1040,model_delta,send,,
7,S5,ORCH,1040,model_delta,send,,
7,S9,ORCH,1040,model_delta,send,,
7,S4,ORCH,1040,model_delta,send,,
7,S13,ORCH,1040,model_delta,send,,
7,S2,ORCH,1040,model_delta,send,,
7,S11,ORCH,1040,model_delta,send,,
7,S3,ORCH,1040,model_delta,send,,
7,S8,ORCH,1040,model_delta,send,,
7,S10,ORCH,1040,model_delta,send,,
7,S7,ORCH,1040,model_delta,send,,
7,S15,ORCH,1040,model_delta,send,,
7,S3,ORCH,1040,model_delta,recv,,
7,S6,ORCH,1040,model_delta,recv,,
7,S14,ORCH,1040,model_delta,recv,,
7,S16,ORCH,1040,model_delta,recv,,
7,S15,ORCH,1040,model_delta,recv,,
7,S5,ORCH,1040,model_delta,recv,,
7,S13,ORCH,1040,model_delta,recv,,
7,S11,ORCH,1040,model_delta,recv,,
7,S10,ORCH,1040,model_delta,recv,,
7,S9,ORCH,1040,model_delta,recv,,
7,S2,ORCH,1040,model_delta,recv,,
7,S8,ORCH,1040,model_delta,recv,,
7,S7,ORCH,1040,model_delta,recv,,
7,S17,ORCH,1040,model_delta,recv,,
7,S4,ORCH,1040,model_delta,recv,,
7,ORCH,S10,1040,agg,send,,
7,ORCH,S10,1040,agg,recv,,
7,ORCH,S11,1040,agg,send,,
7,ORCH,S11,1040,agg,recv,,
7,ORCH,S13,1040,agg,send,,
7,ORCH,S13,1040,agg,recv,,
7,ORCH,S14,1040,agg,send,,
7,ORCH,S14,1040,agg,recv,,
7,ORCH,S15,1040,agg,send,,
7,ORCH,S15,1040,agg,recv,,
7,ORCH,S16,1040,agg,send,,
7,ORCH,S16,1040,agg,recv,,
7,ORCH,S17,1040,agg,send,,
7,ORCH,S17,1040,agg,recv,,
7,ORCH,S2,1040,agg,send,,
7,ORCH,S2,1040,agg,recv,,
7,ORCH,S3,1040,agg,send,,
7,ORCH,S3,1040,agg,recv,,
7,ORCH,S4,1040,agg,send,,
7,ORCH,S4,1040,agg,recv,,
7,ORCH,S5,1040,agg,send,,
7,ORCH,S5,1040,agg,recv,,
7,ORCH,S6,1040,agg,send,,
7,ORCH,S6,1040,agg,recv,,
7,ORCH,S7,1040,agg,send,,
7,ORCH,S7,1040,agg,recv,,
7,ORCH,S8,1040,agg,send,,
7,ORCH,S8,1040,agg,recv,,
7,ORCH,S9,1040,agg,send,,
7,ORCH,S9,1040,agg,recv,,
8,S15,ORCH,1040,model_delta,send,,
8,S17,ORCH,1040,model_delta,send,,
8,S4,ORCH,1040,model_delta,send,,
8,S6,ORCH,1040,model_delta,send,,
8,S5,ORCH,1040,model_delta,send,,
8,S3,ORCH,1040,model_delta,send,,
8,S14,ORCH,1040,model_delta,send,,
8,S16,ORCH,1040,model_delta,send,,
8,S9,ORCH,1040,model_delta,send,,
8,S2,ORCH,1040,model_delta,send,,
8,S7,ORCH,1040,model_delta,send,,
8,S13,ORCH,1040,model_delta,send,,
8,S8,ORCH,1040,model_delta,send,,
8,S10,ORCH,1040,model_delta,send,,
8,S11,ORCH,1040,model_delta,send,,
8,S9,ORCH,1040,model_delta,recv,,
8,S14,ORCH,1040,model_delta,recv,,
8,S17,ORCH,1040,model_delta,recv,,
8,S16,ORCH,1040,model_delta,recv,,
8,S8,ORCH,1040,model_delta,recv,,
8,S5,ORCH,1040,model_delta,recv,,
8,S7,ORCH,1040,model_delta,recv,,
8,S2,ORCH,1040,model_delta,recv,,
8,S3,ORCH,1040,model_delta,recv,,
8,S13,ORCH,1040,model_delta,recv,,
8,S6,ORCH,1040,model_delta,recv,,
8,S15,ORCH,1040,model_delta,recv,,
8,S10,ORCH,1040,model_delta,recv,,
8,S4,ORCH,1040,model_delta,recv,,
8,S11,ORCH,1040,model_delta,recv,,
8,ORCH,S10,1040,agg,send,,
8,ORCH,S10,1040,agg,recv,,
8,ORCH,S11,1040,agg,send,,
8,ORCH,S11,1040,agg,recv,,
8,ORCH,S13,1040,agg,send,,
8,ORCH,S13,1040,agg,recv,,
8,ORCH,S14,1040,agg,send,,
8,ORCH,S14,1040,agg,recv,,
8,ORCH,S15,1040,agg,send,,
8,ORCH,S15,1040,agg,recv,,
8,ORCH,S16,1040,agg,send,,
8,ORCH,S16,1040,agg,recv,,
8,ORCH,S17,1040,agg,send,,
8,ORCH,S17,1040,agg,recv,,
8,ORCH,S2,1040,agg,send,,
8,ORCH,S2,1040,agg,recv,,
8,ORCH,S3,1040,agg,send,,
8,ORCH,S3,1040,agg,recv,,
8,ORCH,S4,1040,agg,send,,
8,ORCH,S4,1040,agg,recv,,
8,ORCH,S5,1040,agg,send,,
8,ORCH,S5,1040,agg,recv,,
8,ORCH,S6,1040,agg,send,,
8,ORCH,S6,1040,agg,recv,,
8,ORCH,S7,1040,agg,send,,
8,ORCH,S7,1040,agg,recv,,
8,ORCH,S8,1040,agg,send,,
8,ORCH,S8,1040,agg,recv,,
8,ORCH,S9,1040,agg,send,,
8,ORCH,S9,1040,agg,recv,,
9,S10,ORCH,1040,model_delta,send,,
9,S17,ORCH,1040,model_delta,send,,
9,S4,ORCH,1040,model_delta,send,,
9,S15,ORCH,1040,model_delta,send,,
9,S3,ORCH,1040,model_delta,send,,
9,S9,ORCH,1040,model_delta,send,,
9,S13,ORCH,1040,model_delta,send,,
9,S5,ORCH,1040,model_delta,send,,
9,S16,ORCH,1040,model_delta,send,,
9,S8,ORCH,1040,model_delta,send,,
9,S11,ORCH,1040,model_delta,send,,
9,S6,ORCH,1040,model_delta,send,,
9,S7,ORCH,1040,model_delta,send,,
9,S2,ORCH,1040,model_delta,send,,
9,S14,ORCH,1040,model_delta,send,,
9,S5,ORCH,1040,model_delta,recv,,
9,S4,ORCH,1040,model_delta,recv,,
9,S10,ORCH,1040,model_delta,recv,,
9,S3,ORCH,1040,model_delta,recv,,
9,S2,ORCH,1040,model_delta,recv,,
9,S11,ORCH,1040,model_delta,recv,,
9,S6,ORCH,1040,model_delta,recv,,
9,S7,ORCH,1040,model_delta,recv,,
9,S17,ORCH,1040,model_delta,recv,,
9,S14,ORCH,1040,model_delta,recv,,
9,S8,ORCH,1040,model_delta,recv,,
9,S15,ORCH,1040,model_delta,recv,,
9,S13,ORCH,1040,model_delta,recv,,
9,S16,ORCH,1040,model_delta,recv,,
9,S9,ORCH,1040,model_delta,recv,,
9,ORCH,S10,1040,agg,send,,
9,ORCH,S10,1040,agg,recv,,
9,ORCH,S11,1040,agg,send,,
9,ORCH,S11,1040,agg,recv,,
9,ORCH,S13,1040,agg,send,,
9,ORCH,S13,1040,agg,recv,,
9,ORCH,S14,1040,agg,send,,
9,ORCH,S14,1040,agg,recv,,
9,ORCH,S15,1040,agg,send,,
9,ORCH,S15,1040,agg,recv,,
9,ORCH,S16,1040,agg,send,,
9,ORCH,S16,1040,agg,recv,,
9,ORCH,S17,1040,agg,send,,
9,ORCH,S17,1040,agg,recv,,
9,ORCH,S2,1040,agg,send,,
9,ORCH,S2,1040,agg,recv,,
9,ORCH,S3,1040,agg,send,,
9,ORCH,S3,1040,agg,recv,,
9,ORCH,S4,1040,agg,send,,
9,ORCH,S4,1040,agg,recv,,
9,ORCH,S5,1040,agg,send,,
9,ORCH,S5,1040,agg,recv,,
9,ORCH,S6,1040,agg,send,,
9,ORCH,S6,1040,agg,recv,,
9,ORCH,S7,1040,agg,send,,
9,ORCH,S7,1040,agg,recv,,
9,ORCH,S8,1040,agg,send,,
9,ORCH,S8,1040,agg,recv,,
9,ORCH,S9,1040,agg,send,,
9,ORCH,S9,1040,agg,recv,,
10,S9,ORCH,1040,model_delta,send,,
10,S16,ORCH,1040,model_delta,send,,
10,S15,ORCH,1040,model_delta,send,,
10,S4,ORCH,1040,model_delta,send,,
10,S7,ORCH,1040,model_delta,send,,
10,S11,ORCH,1040,model_delta,send,,
10,S13,ORCH,1040,model_delta,send,,
10,S6,ORCH,1040,model_delta,send,,
10,S14,ORCH,1040,model_delta,send,,
10,S10,ORCH,1040,model_delta,send,,
10,S3,ORCH,1040,model_delta,send,,
10,S8,ORCH,1040,model_delta,send,,
10,S5,ORCH,1040,model_delta,send,,
10,S2,ORCH,1040,model_delta,send,,
10,S17,ORCH,1040,model_delta,send,,
10,S16,ORCH,1040,model_delta,recv,,
10,S11,ORCH,1040,model_delta,recv,,
10,S9,ORCH,1040,model_delta,recv,,
10,S8,ORCH,1040,model_delta,recv,,
10,S15,ORCH,1040,model_delta,recv,,
10,S6,ORCH,1040,model_delta,recv,,
10,S7,ORCH,1040,model_delta,recv,,
10,S5,ORCH,1040,model_delta,recv,,
10,S4,ORCH,1040,model_delta,recv,,
10,S17,ORCH,1040,model_delta,recv,,
10,S3,ORCH,1040,model_delta,recv,,
10,S14,ORCH,1040,model_delta,recv,,
10,S2,ORCH,1040,model_delta,recv,,
10,S13,ORCH,1040,model_delta,recv,,
10,S10,ORCH,1040,model_delta,recv,,
10,ORCH,S10,1040,agg,send,,
10,ORCH,S10,1040,agg,recv,,
10,ORCH,S11,1040,agg,send,,
10,ORCH,S11,1040,agg,recv,,
10,ORCH,S13,1040,agg,send,,
10,ORCH,S13,1040,agg,recv,,
10,ORCH,S14,1040,agg,send,,
10,ORCH,S14,1040,agg,recv,,
10,ORCH,S15,1040,agg,send,,
10,ORCH,S15,1040,agg,recv,,
10,ORCH,S16,1040,agg,send,,
10,ORCH,S16,1040,agg,recv,,
10,ORCH,S17,1040,agg,send,,
10,ORCH,S17,1040,agg,recv,,
10,ORCH,S2,1040,agg,send,,
10,ORCH,S2,1040,agg,recv,,
10,ORCH,S3,1040,agg,send,,
10,ORCH,S3,1040,agg,recv,,
10,ORCH,S4,1040,agg,send,,
10,ORCH,S4,1040,agg,recv,,
10,ORCH,S5,1040,agg,send,,
10,ORCH,S5,1040,agg,recv,,
10,ORCH,S6,1040,agg,send,,
10,ORCH,S6,1040,agg,recv,,
10,ORCH,S7,1040,agg,send,,
10,ORCH,S7,1040,agg,recv,,
10,ORCH,S8,1040,agg,send,,
10,ORCH,S8,1040,agg,recv,,
10,ORCH,S9,1040,agg,send,,
10,ORCH,S9,1040,agg,recv,,
11,S4,ORCH,1040,model_delta,send,,
11,S2,ORCH,1040,model_delta,send,,
11,S17,ORCH,1040,model_delta,send,,
11,S16,ORCH,1040,model_delta,send,,
11,S11,ORCH,1040,model_delta,send,,
11,S15,ORCH,1040,model_delta,send,,
11,S14,ORCH,1040,model_delta,send,,
11,S6,ORCH,1040,model_delta,send,,
11,S3,ORCH,1040,model_delta,send,,
11,S8,ORCH,1040,model_delta,send,,
11,S5,ORCH,1040,model_delta,send,,
11,S13,ORCH,1040,model_delta,send,,
11,S10,ORCH,1040,model_delta,send,,
11,S7,ORCH,1040,model_delta,send,,
11,S9,ORCH,1040,model_delta,send,,
11,S17,ORCH,1040,model_delta,recv,,
11,S2,ORCH,1040,model_delta,recv,,
11,S16,ORCH,1040,model_delta,recv,,
11,S15,ORCH,1040,model_delta,recv,,
11,S14,ORCH,1040,model_delta,recv,,
11,S13,ORCH,1040,model_delta,recv,,
11,S11,ORCH,1040,model_delta,recv,,
11,S10,ORCH,1040,model_delta,recv,,
11,S4,ORCH,1040,model_delta,recv,,
11,S6,ORCH,1040,model_delta,recv,,
11,S8,ORCH,1040,model_delta,recv,,
11,S3,ORCH,1040,model_delta,recv,,
11,S5,ORCH,1040,model_delta,recv,,
11,S9,ORCH,1040,model_delta,recv,,
11,S7,ORCH,1040,model_delta,recv,,
11,ORCH,S10,1040,agg,send,,
11,ORCH,S10,1040,agg,recv,,
11,ORCH,S11,1040,agg,send,,
11,ORCH,S11,1040,agg,recv,,
11,ORCH,S13,1040,agg,send,,
11,ORCH,S13,1040,agg,recv,,
11,ORCH,S14,1040,agg,send,,
11,ORCH,S14,1040,agg,recv,,
11,ORCH,S15,1040,agg,send,,
11,ORCH,S15,1040,agg,recv,,
11,ORCH,S16,1040,agg,send,,
11,ORCH,S16,1040,agg,recv,,
11,ORCH,S17,1040,agg,send,,
11,ORCH,S17,1040,agg,recv,,
11,ORCH,S2,1040,agg,send,,
11,ORCH,S2,1040,agg,recv,,
11,ORCH,S3,1040,agg,send,,
11,ORCH,S3,1040,agg,recv,,
11,ORCH,S4,1040,agg,send,,
11,ORCH,S4,1040,agg,recv,,
11,ORCH,S5,1040,agg,send,,
11,ORCH,S5,1040,agg,recv,,
11,ORCH,S6,1040,agg,send,,
11,ORCH,S6,1040,agg,recv,,
11,ORCH,S7,1040,agg,send,,
11,ORCH,S7,1040,agg,recv,,
11,ORCH,S8,1040,agg,send,,
11,ORCH,S8,1040,agg,recv,,
11,ORCH,S9,1040,agg,send,,
11,ORCH,S9,1040,agg,recv,,
12,S13,ORCH,1040,model_delta,send,,
12,S3,ORCH,1040,model_delta,send,,
12,S7,ORCH,1040,model_delta,send,,
12,S5,ORCH,1040,model_delta,send,,
12,S8,ORCH,1040,model_delta,send,,
12,S11,ORCH,1040,model_delta,send,,
12,S10,ORCH,1040,model_delta,send,,
12,S4,ORCH,1040,model_delta,send,,
12,S14,ORCH,1040,model_delta,send,,
12,S9,ORCH,1040,model_delta,send,,
12,S6,ORCH,1040,model_delta,send,,
12,S16,ORCH,1040,model_delta,send,,
12,S17,ORCH,1040,model_delta,send,,
12,S2,ORCH,1040,model_delta,send,,
12,S15,ORCH,1040,model_delta,send,,
12,S11,ORCH,1040,model_delta,recv,,
12,S16,ORCH,1040,model_delta,recv,,
12,S14,ORCH,1040,model_delta,recv,,
12,S9,ORCH,1040,model_delta,recv,,
12,S7,ORCH,1040,model_delta,recv,,
12,S8,ORCH,1040,model_delta,recv,,
12,S6,ORCH,1040,model_delta,recv,,
12,S13,ORCH,1040,model_delta,recv,,
12,S10,ORCH,1040,model_delta,recv,,
12,S3,ORCH,1040,model_delta,recv,,
12,S5,ORCH,1040,model_delta,recv,,
12,S15,ORCH,1040,model_delta,recv,,
12,S17,ORCH,1040,model_delta,recv,,
12,S2,ORCH,1040,model_delta,recv,,
12,S4,ORCH,1040,model_delta,recv,,
12,ORCH,S10,1040,agg,send,,
12,ORCH,S10,1040,agg,recv,,
12,ORCH,S11,1040,agg,send,,
12,ORCH,S11,1040,agg,recv,,
12,ORCH,S13,1040,agg,send,,
12,ORCH,S13,1040,agg,recv,,
12,ORCH,S14,1040,agg,send,,
12,ORCH,S14,1040,agg,recv,,
12,ORCH,S15,1040,agg,send,,
12,ORCH,S15,1040,agg,recv,,
12,ORCH,S16,1040,agg,send,,
12,ORCH,S16,1040,agg,recv,,
12,ORCH,S17,1040,agg,send,,
12,ORCH,S17,1040,agg,recv,,
12,ORCH,S2,1040,agg,send,,
12,ORCH,S2,1040,agg,recv,,
12,ORCH,S3,1040,agg,send,,
12,ORCH,S3,1040,agg,recv,,
12,ORCH,S4,1040,agg,send,,
12,ORCH,S4,1040,agg,recv,,
12,ORCH,S5,1040,agg,send,,
12,ORCH,S5,1040,agg,recv,,
12,ORCH,S6,1040,agg,send,,
12,ORCH,S6,1040,agg,recv,,
12,ORCH,S7,1040,agg,send,,
12,ORCH,S7,1040,agg,recv,,
12,ORCH,S8,1040,agg,send,,
12,ORCH,S8,1040,agg,recv,,
12,ORCH,S9,1040,agg,send,,
12,ORCH,S9,1040,agg,recv,,
13,S11,ORCH,1040,model_delta,send,,
13,S8,ORCH,1040,model_delta,send,,
13,S5,ORCH,1040,model_delta,send,,
13,S7,ORCH,1040,model_delta,send,,
13,S16,ORCH,1040,model_delta,send,,
13,S3,ORCH,1040,model_delta,send,,
13,S2,ORCH,1040,model_delta,send,,
13,S17,ORCH,1040,model_delta,send,,
13,S14,ORCH,1040,model_delta,send,,
13,S10,ORCH,1040,model_delta,send,,
13,S9,ORCH,1040,model_delta,send,,
13,S4,ORCH,1040,model_delta,send,,
13,S15,ORCH,1040,model_delta,send,,
13,S13,ORCH,1040,model_delta,send,,
13,S6,ORCH,1040,model_delta,send,,
13,S13,ORCH,1040,model_delta,recv,,
13,S6,ORCH,1040,model_delta,recv,,
13,S8,ORCH,1040,model_delta,recv,,
13,S3,ORCH,1040,model_delta,recv,,
13,S2,ORCH,1040,model_delta,recv,,
13,S5,ORCH,1040,model_delta,recv,,
13,S9,ORCH,1040,model_delta,recv,,
13,S16,ORCH,1040,model_delta,recv,,
13,S11,ORCH,1040,model_delta,recv,,
13,S7,ORCH,1040,model_delta,recv,,
13,S4,ORCH,1040,model_delta,recv,,
13,S14,ORCH,1040,model_delta,recv,,
13,S15,ORCH,1040,model_delta,recv,,
13,S17,ORCH,1040,model_delta,recv,,
13,S10,ORCH,1040,model_delta,recv,,
13,ORCH,S10,1040,agg,send,,
13,ORCH,S10,1040,agg,recv,,
13,ORCH,S11,1040,agg,send,,
13,ORCH,S11,1040,agg,recv,,
13,ORCH,S13,1040,agg,send,,
13,ORCH,S13,1040,agg,recv,,
13,ORCH,S14,1040,agg,send,,
13,ORCH,S14,1040,agg,recv,,
13,ORCH,S15,1040,agg,send,,
13,ORCH,S15,1040,agg,recv,,
13,ORCH,S16,1040,agg,send,,
13,ORCH,S16,1040,agg,recv,,
13,ORCH,S17,1040,agg,send,,
13,ORCH,S17,1040,agg,recv,,
13,ORCH,S2,1040,agg,send,,
13,ORCH,S2,1040,agg,recv,,
13,ORCH,S3,1040,agg,send,,
13,ORCH,S3,1040,agg,recv,,
13,ORCH,S4,1040,agg,send,,
13,ORCH,S4,1040,agg,recv,,
13,ORCH,S5,1040,agg,send,,
13,ORCH,S5,1040,agg,recv,,
13,ORCH,S6,1040,agg,send,,
13,ORCH,S6,1040,agg,recv,,
13,ORCH,S7,1040,agg,send,,
13,ORCH,S7,1040,agg,recv,,
13,ORCH,S8,1040,agg,send,,
13,ORCH,S8,1040,agg,recv,,
13,ORCH,S9,1040,agg,send,,
13,ORCH,S9,1040,agg,recv,,
14,S10,ORCH,1040,model_delta,send,,
14,S5,ORCH,1040,model_delta,send,,
14,S7,ORCH,1040,model_delta,send,,
14,S17,ORCH,1040,model_delta,send,,
14,S6,ORCH,1040,model_delta,send,,
14,S16,ORCH,1040,model_delta,send,,
14,S15,ORCH,1040,model_delta,send,,
14,S4,ORCH,1040,model_delta,send,,
14,S13,ORCH,1040,model_delta,send,,
14,S9,ORCH,1040,model_delta,send,,
14,S8,ORCH,1040,model_delta,send,,
14,S3,ORCH,1040,model_delta,send,,
14,S2,ORCH,1040,model_delta,send,,
14,S11,ORCH,1040,model_delta,send,,
14,S14,ORCH,1040,model_delta,send,,
14,S4,ORCH,1040,model_delta,recv,,
14,S16,ORCH,1040,model_delta,recv,,
14,S8,ORCH,1040,model_delta,recv,,
14,S13,ORCH,1040,model_delta,recv,,
14,S5,ORCH,1040,model_delta,recv,,
14,S15,ORCH,1040,model_delta,recv,,
14,S14,ORCH,1040,model_delta,recv,,
14,S3,ORCH,1040,model_delta,recv,,
14,S10,ORCH,1040,model_delta,recv,,
14,S6,ORCH,1040,model_delta,recv,,
14,S9,ORCH,1040,model_delta,recv,,
14,S7,ORCH,1040,model_delta,recv,,
14,S2,ORCH,1040,model_delta,recv,,
14,S11,ORCH,1040,model_delta,recv,,
14,S17,ORCH,1040,model_delta,recv,,
14,ORCH,S10,1040,agg,send,,
14,ORCH,S10,1040,agg,recv,,
14,ORCH,S11,1040,agg,send,,
14,ORCH,S11,1040,agg,recv,,
14,ORCH,S13,1040,agg,send,,
14,ORCH,S13,1040,agg,recv,,
14,ORCH,S14,1040,agg,send,,
14,ORCH,S14,1040,agg,recv,,
14,ORCH,S15,1040,agg,send,,
14,ORCH,S15,1040,agg,recv,,
14,ORCH,S16,1040,agg,send,,
14,ORCH,S16,1040,agg,recv,,
14,ORCH,S17,1040,agg,send,,
14,ORCH,S17,1040,agg,recv,,
14,ORCH,S2,1040,agg,send,,
14,ORCH,S2,1040,agg,recv,,
14,ORCH,S3,1040,agg,send,,
14,ORCH,S3,1040,agg,recv,,
14,ORCH,S4,1040,agg,send,,
14,ORCH,S4,1040,agg,recv,,
14,ORCH,S5,1040,agg,send,,
14,ORCH,S5,1040,agg,recv,,
14,ORCH,S6,1040,agg,send,,
14,ORCH,S6,1040,agg,recv,,
14,ORCH,S7,1040,agg,send,,
14,ORCH,S7,1040,agg,recv,,
14,ORCH,S8,1040,agg,send,,
14,ORCH,S8,1040,agg,recv,,
14,ORCH,S9,1040,agg,send,,
14,ORCH,S9,1040,agg,recv,,
15,S6,ORCH,1040,model_delta,send,,
15,S10,ORCH,1040,model_delta,send,,
15,S14,ORCH,1040,model_delta,send,,
15,S2,ORCH,1040,model_delta,send,,
15,S17,ORCH,1040,model_delta,send,,
15,S4,ORCH,1040,model_delta,send,,
15,S8,ORCH,1040,model_delta,send,,
15,S16,ORCH,1040,model_delta,send,,
15,S3,ORCH,1040,model_delta,send,,
15,S5,ORCH,1040,model_delta,send,,
15,S15,ORCH,1040,model_delta,send,,
15,S11,ORCH,1040,model_delta,send,,
15,S9,ORCH,1040,model_delta,send,,
15,S7,ORCH,1040,model_delta,send,,
15,S13,ORCH,1040,model_delta,send,,
15,S16,ORCH,1040,model_delta,recv,,
15,S7,ORCH,1040,model_delta,recv,,
15,S15,ORCH,1040,model_delta,recv,,
15,S14,ORCH,1040,model_delta,recv,,
15,S13,ORCH,1040,model_delta,recv,,
15,S3,ORCH,1040,model_delta,recv,,
15,S11,ORCH,1040,model_delta,recv,,
15,S10,ORCH,1040,model_delta,recv,,
15,S5,ORCH,1040,model_delta,recv,,
15,S9,ORCH,1040,model_delta,recv,,
15,S2,ORCH,1040,model_delta,recv,,
15,S17,ORCH,1040,model_delta,recv,,
15,S8,ORCH,1040,model_delta,recv,,
15,S4,ORCH,1040,model_delta,recv,,
15,S6,ORCH,1040,model_delta,recv,,
15,ORCH,S10,1040,agg,send,,
15,ORCH,S10,1040,agg,recv,,
15,ORCH,S11,1040,agg,send,,
15,ORCH,S11,1040,agg,recv,,
15,ORCH,S13,1040,agg,send,,
15,ORCH,S13,1040,agg,recv,,
15,ORCH,S14,1040,agg,send,,
15,ORCH,S14,1040,agg,recv,,
15,ORCH,S15,1040,agg,send,,
15,ORCH,S15,1040,agg,recv,,
15,ORCH,S16,1040,agg,send,,
15,ORCH,S16,1040,agg,recv,,
15,ORCH,S17,1040,agg,send,,
15,ORCH,S17,1040,agg,recv,,
15,ORCH,S2,1040,agg,send,,
15,ORCH,S2,1040,agg,recv,,
15,ORCH,S3,1040,agg,send,,
15,ORCH,S3,1040,agg,recv,,
15,ORCH,S4,1040,agg,send,,
15,ORCH,S4,1040,agg,recv,,
15,ORCH,S5,1040,agg,send,,
15,ORCH,S5,1040,agg,recv,,
15,ORCH,S6,1040,agg,send,,
15,ORCH,S6,1040,agg,recv,,
15,ORCH,S7,1040,agg,send,,
15,ORCH,S7,1040,agg,recv,,
15,ORCH,S8,1040,agg,send,,
15,ORCH,S8,1040,agg,recv,,
15,ORCH,S9,1040,agg,send,,
15,ORCH,S9,1040,agg,recv,,
16,S15,ORCH,1040,model_delta,send,,
16,S10,ORCH,1040,model_delta,send,,
16,S9,ORCH,1040,model_delta,send,,
16,S4,ORCH,1040,model_delta,send,,
16,S3,ORCH,1040,model_delta,send,,
16,S8,ORCH,1040,model_delta,send,,
16,S7,ORCH,1040,model_delta,send,,
16,S11,ORCH,1040,model_delta,send,,
16,S14,ORCH,1040,model_delta,send,,
16,S13,ORCH,1040,model_delta,send,,
16,S6,ORCH,1040,model_delta,send,,
16,S2,ORCH,1040,model_delta,send,,
16,S16,ORCH,1040,model_delta,send,,
16,S5,ORCH,1040,model_delta,send,,
16,S17,ORCH,1040,model_delta,send,,
16,S8,ORCH,1040,model_delta,recv,,
16,S16,ORCH,1040,model_delta,recv,,
16,S15,ORCH,1040,model_delta,recv,,
16,S14,ORCH,1040,model_delta,recv,,
16,S13,ORCH,1040,model_delta,recv,,
16,S17,ORCH,1040,model_delta,recv,,
16,S6,ORCH,1040,model_delta,recv,,
16,S7,ORCH,1040,model_delta,recv,,
16,S4,ORCH,1040,model_delta,recv,,
16,S2,ORCH,1040,model_delta,recv,,
16,S11,ORCH,1040,model_delta,recv,,
16,S3,ORCH,1040,model_delta,recv,,
16,S10,ORCH,1040,model_delta,recv,,
16,S5,ORCH,1040,model_delta,recv,,
16,S9,ORCH,1040,model_delta,recv,,
16,ORCH,S10,1040,agg,send,,
16,ORCH,S10,1040,agg,recv,,
16,ORCH,S11,1040,agg,send,,
16,ORCH,S11,1040,agg,recv,,
16,ORCH,S13,1040,agg,send,,
16,ORCH,S13,1040,agg,recv,,
16,ORCH,S14,1040,agg,send,,
16,ORCH,S14,1040,agg,recv,,
16,ORCH,S15,1040,agg,send,,
16,ORCH,S15,1040,agg,recv,,
16,ORCH,S16,1040,agg,send,,
16,ORCH,S16,1040,agg,recv,,
16,ORCH,S17,1040,agg,send,,
16,ORCH,S17,1040,agg,recv,,
16,ORCH,S2,1040,agg,send,,
16,ORCH,S2,1040,agg,recv,,
16,ORCH,S3,1040,agg,send,,
16,ORCH,S3,1040,agg,recv,,
16,ORCH,S4,1040,agg,send,,
16,ORCH,S4,1040,agg,recv,,
16,ORCH,S5,1040,agg,send,,
16,ORCH,S5,1040,agg,recv,,
16,ORCH,S6,1040,agg,send,,
16,ORCH,S6,1040,agg,recv,,
16,ORCH,S7,1040,agg,send,,
16,ORCH,S7,1040,agg,recv,,
16,ORCH,S8,1040,agg,send,,
16,ORCH,S8,1040,agg,recv,,
16,ORCH,S9,1040,agg,send,,
16,ORCH,S9,1040,agg,recv,,
17,S16,ORCH,1040,model_delta,send,,
17,S2,ORCH,1040,model_delta,send,,
17,S4,ORCH,1040,model_delta,send,,
17,S13,ORCH,1040,model_delta,send,,
17,S5,ORCH,1040,model_delta,send,,
17,S3,ORCH,1040,model_delta,send,,
17,S17,ORCH,1040,model_delta,send,,
17,S8,ORCH,1040,model_delta,send,,
17,S10,ORCH,1040,model_delta,send,,
17,S6,ORCH,1040,model_delta,send,,
17,S9,ORCH,1040,model_delta,send,,
17,S14,ORCH,1040,model_delta,send,,
17,S7,ORCH,1040,model_delta,send,,
17,S11,ORCH,1040,model_delta,send,,
17,S15,ORCH,1040,model_delta,send,,
17,S2,ORCH,1040,model_delta,recv,,
17,S17,ORCH,1040,model_delta,recv,,
17,S16,ORCH,1040,model_delta,recv,,
17,S15,ORCH,1040,model_delta,recv,,
17,S14,ORCH,1040,model_delta,recv,,
17,S13,ORCH,1040,model_delta,recv,,
17,S11,ORCH,1040,model_delta,recv,,
17,S4,ORCH,1040,model_delta,recv,,
17,S10,ORCH,1040,model_delta,recv,,
17,S9,ORCH,1040,model_delta,recv,,
17,S3,ORCH,1040,model_delta,recv,,
17,S8,ORCH,1040,model_delta,recv,,
17,S7,ORCH,1040,model_delta,recv,,
17,S6,ORCH,1040,model_delta,recv,,
17,S5,ORCH,1040,model_delta,recv,,
17,ORCH,S10,1040,agg,send,,
17,ORCH,S10,1040,agg,recv,,
17,ORCH,S11,1040,agg,send,,
17,ORCH,S11,1040,agg,recv,,
17,ORCH,S13,1040,agg,send,,
17,ORCH,S13,1040,agg,recv,,
17,ORCH,S14,1040,agg,send,,
17,ORCH,S14,1040,agg,recv,,
17,ORCH,S15,1040,agg,send,,
17,ORCH,S15,1040,agg,recv,,
17,ORCH,S16,1040,agg,send,,
17,ORCH,S16,1040,agg,recv,,
17,ORCH,S17,1040,agg,send,,
17,ORCH,S17,1040,agg,recv,,
17,ORCH,S2,1040,agg,send,,
17,ORCH,S2,1040,agg,recv,,
17,ORCH,S3,1040,agg,send,,
17,ORCH,S3,1040,agg,recv,,
17,ORCH,S4,1040,agg,send,,
17,ORCH,S4,1040,agg,recv,,
17,ORCH,S5,1040,agg,send,,
17,ORCH,S5,1040,agg,recv,,
17,ORCH,S6,1040,agg,send,,
17,ORCH,S6,1040,agg,recv,,
17,ORCH,S7,1040,agg,send,,
17,ORCH,S7,1040,agg,recv,,
17,ORCH,S8,1040,agg,send,,
17,ORCH,S8,1040,agg,recv,,
17,ORCH,S9,1040,agg,send,,
17,ORCH,S9,1040,agg,recv,,
18,S13,ORCH,1040,model_delta,send,,
18,S7,ORCH,1040,model_delta,send,,
18,S9,ORCH,1040,model_delta,send,,
18,S14,ORCH,1040,model_delta,send,,
18,S3,ORCH,1040,model_delta,send,,
18,S8,ORCH,1040,model_delta,send,,
18,S15,ORCH,1040,model_delta,send,,
18,S17,ORCH,1040,model_delta,send,,
18,S16,ORCH,1040,model_delta,send,,
18,S2,ORCH,1040,model_delta,send,,
18,S5,ORCH,1040,model_delta,send,,
18,S11,ORCH,1040,model_delta,send,,
18,S10,ORCH,1040,model_delta,send,,
18,S4,ORCH,1040,model_delta,send,,
18,S6,ORCH,1040,model_delta,send,,
18,S4,ORCH,1040,model_delta,recv,,
18,S13,ORCH,1040,model_delta,recv,,
18,S7,ORCH,1040,model_delta,recv,,
18,S6,ORCH,1040,model_delta,recv,,
18,S10,ORCH,1040,model_delta,recv,,
18,S3,ORCH,1040,model_delta,recv,,
18,S2,ORCH,1040,model_delta,recv,,
18,S8,ORCH,1040,model_delta,recv,,
18,S17,ORCH,1040,model_delta,recv,,
18,S16,ORCH,1040,model_delta,recv,,
18,S5,ORCH,1040,model_delta,recv,,
18,S15,ORCH,1040,model_delta,recv,,
18,S9,ORCH,1040,model_delta,recv,,
18,S11,ORCH,1040,model_delta,recv,,
18,S14,ORCH,1040,model_delta,recv,,
18,ORCH,S10,1040,agg,send,,
18,ORCH,S10,1040,agg,recv,,
18,ORCH,S11,1040,agg,send,,
18,ORCH,S11,1040,agg,recv,,
18,ORCH,S13,1040,agg,send,,
18,ORCH,S13,1040,agg,recv,,
18,ORCH,S14,1040,agg,send,,
18,ORCH,S14,1040,agg,recv,,
18,ORCH,S15,1040,agg,send,,
18,ORCH,S15,1040,agg,recv,,
18,ORCH,S16,1040,agg,send,,
18,ORCH,S16,1040,agg,recv,,
18,ORCH,S17,1040,agg,send,,
18,ORCH,S17,1040,agg,recv,,
18,ORCH,S2,1040,agg,send,,
18,ORCH,S2,1040,agg,recv,,
18,ORCH,S3,1040,agg,send,,
18,ORCH,S3,1040,agg,recv,,
18,ORCH,S4,1040,agg,send,,
18,ORCH,S4,1040,agg,recv,,
18,ORCH,S5,1040,agg,send,,
18,ORCH,S5,1040,agg,recv,,
18,ORCH,S6,1040,agg,send,,
18,ORCH,S6,1040,agg,recv,,
18,ORCH,S7,1040,agg,send,,
18,ORCH,S7,1040,agg,recv,,
18,ORCH,S8,1040,agg,send,,
18,ORCH,S8,1040,agg,recv,,
18,ORCH,S9,1040,agg,send,,
18,ORCH,S9,1040,agg,recv,,
19,S17,ORCH,1040,model_delta,send,,
19,S16,ORCH,1040,model_delta,send,,
19,S11,ORCH,1040,model_delta,send,,
19,S9,ORCH,1040,model_delta,send,,
19,S2,ORCH,1040,model_delta,send,,
19,S3,ORCH,1040,model_delta,send,,
19,S10,ORCH,1040,model_delta,send,,
19,S8,ORCH,1040,model_delta,send,,
19,S7,ORCH,1040,model_delta,send,,
19,S15,ORCH,1040,model_delta,send,,
19,S14,ORCH,1040,model_delta,send,,
19,S4,ORCH,1040,model_delta,send,,
19,S6,ORCH,1040,model_delta,send,,
19,S5,ORCH,1040,model_delta,send,,
19,S13,ORCH,1040,model_delta,send,,
19,S2,ORCH,1040,model_delta,recv,,
19,S7,ORCH,1040,model_delta,recv,,
19,S17,ORCH,1040,model_delta,recv,,
19,S5,ORCH,1040,model_delta,recv,,
19,S10,ORCH,1040,model_delta,recv,,
19,S16,ORCH,1040,model_delta,recv,,
19,S4,ORCH,1040,model_delta,recv,,
19,S11,ORCH,1040,model_delta,recv,,
19,S8,ORCH,1040,model_delta,recv,,
19,S13,ORCH,1040,model_delta,recv,,
19,S14,ORCH,1040,model_delta,recv,,
19,S6,ORCH,1040,model_delta,recv,,
19,S9,ORCH,1040,model_delta,recv,,
19,S15,ORCH,1040,model_delta,recv,,
19,S3,ORCH,1040,model_delta,recv,,
19,ORCH,S10,1040,agg,send,,
19,ORCH,S10,1040,agg,recv,,
19,ORCH,S11,1040,agg,send,,
19,ORCH,S11,1040,agg,recv,,
19,ORCH,S13,1040,agg,send,,
19,ORCH,S13,1040,agg,recv,,
19,ORCH,S14,1040,agg,send,,
19,ORCH,S14,1040,agg,recv,,
19,ORCH,S15,1040,agg,send,,
19,ORCH,S15,1040,agg,recv,,
19,ORCH,S16,1040,agg,send,,
19,ORCH,S16,1040,agg,recv,,
19,ORCH,S17,1040,agg,send,,
19,ORCH,S17,1040,agg,recv,,
19,ORCH,S2,1040,agg,send,,
19,ORCH,S2,1040,agg,recv,,
19,ORCH,S3,1040,agg,send,,
19,ORCH,S3,1040,agg,recv,,
19,ORCH,S4,1040,agg,send,,
19,ORCH,S4,1040,agg,recv,,
19,ORCH,S5,1040,agg,send,,
19,ORCH,S5,1040,agg,recv,,
19,ORCH,S6,1040,agg,send,,
19,ORCH,S6,1040,agg,recv,,
19,ORCH,S7,1040,agg,send,,
19,ORCH,S7,1040,agg,recv,,
19,ORCH,S8,1040,agg,send,,
19,ORCH,S8,1040,agg,recv,,
19,ORCH,S9,1040,agg,send,,
19,ORCH,S9,1040,agg,recv,,
20,S16,ORCH,1040,model_delta,send,,
20,S9,ORCH,1040,model_delta,send,,
20,S3,ORCH,1040,model_delta,send,,
20,S7,ORCH,1040,model_delta,send,,
20,S10,ORCH,1040,model_delta,send,,
20,S8,ORCH,1040,model_delta,send,,
20,S4,ORCH,1040,model_delta,send,,
20,S11,ORCH,1040,model_delta,send,,
20,S5,ORCH,1040,model_delta,send,,
20,S14,ORCH,1040,model_delta,send,,
20,S2,ORCH,1040,model_delta,send,,
20,S15,ORCH,1040,model_delta,send,,
20,S13,ORCH,1040,model_delta,send,,
20,S17,ORCH,1040,model_delta,send,,
20,S6,ORCH,1040,model_delta,send,,
20,S10,ORCH,1040,model_delta,recv,,
20,S3,ORCH,1040,model_delta,recv,,
20,S11,ORCH,1040,model_delta,recv,,
20,S2,ORCH,1040,model_delta,recv,,
20,S9,ORCH,1040,model_delta,recv,,
20,S8,ORCH,1040,model_delta,recv,,
20,S14,ORCH,1040,model_delta,recv,,
20,S6,ORCH,1040,model_delta,recv,,
20,S13,ORCH,1040,model_delta,recv,,
20,S5,ORCH,1040,model_delta,recv,,
20,S17,ORCH,1040,model_delta,recv,,
20,S4,ORCH,1040,model_delta,recv,,
20,S15,ORCH,1040,model_delta,recv,,
20,S16,ORCH,1040,model_delta,recv,,
20,S7,ORCH,1040,model_delta,recv,,
20,ORCH,S10,1040,agg,send,,
20,ORCH,S10,1040,agg,recv,,
20,ORCH,S11,1040,agg,send,,
20,ORCH,S11,1040,agg,recv,,
20,ORCH,S13,1040,agg,send,,
20,ORCH,S13,1040,agg,recv,,
20,ORCH,S14,1040,agg,send,,
20,ORCH,S14,1040,agg,recv,,
20,ORCH,S15,1040,agg,send,,
20,ORCH,S15,1040,agg,recv,,
20,ORCH,S16,1040,agg,send,,
20,ORCH,S16,1040,agg,recv,,
20,ORCH,S17,1040,agg,send,,
20,ORCH,S17,1040,agg,recv,,
20,ORCH,S2,1040,agg,send,,
20,ORCH,S2,1040,agg,recv,,
20,ORCH,S3,1040,agg,send,,
20,ORCH,S3,1040,agg,recv,,
20,ORCH,S4,1040,agg,send,,
20,ORCH,S4,1040,agg,recv,,
20,ORCH,S5,1040,agg,send,,
20,ORCH,S5,1040,agg,recv,,
20,ORCH,S6,1040,agg,send,,
20,ORCH,S6,1040,agg,recv,,
20,ORCH,S7,1040,agg,send,,
20,ORCH,S7,1040,agg,recv,,
20,ORCH,S8,1040,agg,send,,
20,ORCH,S8,1040,agg,recv,,
20,ORCH,S9,1040,agg,send,,
20,ORCH,S9,1040,agg,recv,,
21,S10,ORCH,1040,model_delta,send,,
21,S11,ORCH,1040,model_delta,send,,
21,S15,ORCH,1040,model_delta,send,,
21,S9,ORCH,1040,model_delta,send,,
21,S14,ORCH,1040,model_delta,send,,
21,S3,ORCH,1040,model_delta,send,,
21,S16,ORCH,1040,model_delta,send,,
21,S6,ORCH,1040,model_delta,send,,
21,S7,ORCH,1040,model_delta,send,,
21,S8,ORCH,1040,model_delta,send,,
21,S2,ORCH,1040,model_delta,send,,
21,S5,ORCH,1040,model_delta,send,,
21,S17,ORCH,1040,model_delta,send,,
21,S13,ORCH,1040,model_delta,send,,
21,S4,ORCH,1040,model_delta,send,,
21,S11,ORCH,1040,model_delta,recv,,
21,S6,ORCH,1040,model_delta,recv,,
21,S5,ORCH,1040,model_delta,recv,,
21,S17,ORCH,1040,model_delta,recv,,
21,S4,ORCH,1040,model_delta,recv,,
21,S16,ORCH,1040,model_delta,recv,,
21,S15,ORCH,1040,model_delta,recv,,
21,S10,ORCH,1040,model_delta,recv,,
21,S8,ORCH,1040,model_delta,recv,,
21,S2,ORCH,1040,model_delta,recv,,
21,S13,ORCH,1040,model_delta,recv,,
21,S14,ORCH,1040,model_delta,recv,,
21,S9,ORCH,1040,model_delta,recv,,
21,S3,ORCH,1040,model_delta,recv,,
21,S7,ORCH,1040,model_delta,recv,,
21,ORCH,S10,1040,agg,send,,
21,ORCH,S10,1040,agg,recv,,
21,ORCH,S11,1040,agg,send,,
21,ORCH,S11,1040,agg,recv,,
21,ORCH,S13,1040,agg,send,,
21,ORCH,S13,1040,agg,recv,,
21,ORCH,S14,1040,agg,send,,
21,ORCH,S14,1040,agg,recv,,
21,ORCH,S15,1040,agg,send,,
21,ORCH,S15,1040,agg,recv,,
21,ORCH,S16,1040,agg,send,,
21,ORCH,S16,1040,agg,recv,,
21,ORCH,S17,1040,agg,send,,
21,ORCH,S17,1040,agg,recv,,
21,ORCH,S2,1040,agg,send,,
21,ORCH,S2,1040,agg,recv,,
21,ORCH,S3,1040,agg,send,,
21,ORCH,S3,1040,agg,recv,,
21,ORCH,S4,1040,agg,send,,
21,ORCH,S4,1040,agg,recv,,
21,ORCH,S5,1040,agg,send,,
21,ORCH,S5,1040,agg,recv,,
21,ORCH,S6,1040,agg,send,,
21,ORCH,S6,1040,agg,recv,,
21,ORCH,S7,1040,agg,send,,
21,ORCH,S7,1040,agg,recv,,
21,ORCH,S8,1040,agg,send,,
21,ORCH,S8,1040,agg,recv,,
21,ORCH,S9,1040,agg,send,,
21,ORCH,S9,1040,agg,recv,,
22,S9,ORCH,1040,model_delta,send,,
22,S5,ORCH,1040,model_delta,send,,
22,S2,ORCH,1040,model_delta,send,,
22,S15,ORCH,1040,model_delta,send,,
22,S7,ORCH,1040,model_delta,send,,
22,S14,ORCH,1040,model_delta,send,,
22,S11,ORCH,1040,model_delta,send,,
22,S10,ORCH,1040,model_delta,send,,
22,S4,ORCH,1040,model_delta,send,,
22,S3,ORCH,1040,model_delta,send,,
22,S17,ORCH,1040,model_delta,send,,
22,S13,ORCH,1040,model_delta,send,,
22,S8,ORCH,1040,model_delta,send,,
22,S6,ORCH,1040,model_delta,send,,
22,S16,ORCH,1040,model_delta,send,,
22,S17,ORCH,1040,model_delta,recv,,
22,S7,ORCH,1040,model_delta,recv,,
22,S5,ORCH,1040,model_delta,recv,,
22,S4,ORCH,1040,model_delta,recv,,
22,S8,ORCH,1040,model_delta,recv,,
22,S16,ORCH,1040,model_delta,recv,,
22,S15,ORCH,1040,model_delta,recv,,
22,S3,ORCH,1040,model_delta,recv,,
22,S2,ORCH,1040,model_delta,recv,,
22,S14,ORCH,1040,model_delta,recv,,
22,S13,ORCH,1040,model_delta,recv,,
22,S11,ORCH,1040,model_delta,recv,,
22,S6,ORCH,1040,model_delta,recv,,
22,S9,ORCH,1040,model_delta,recv,,
22,S10,ORCH,1040,model_delta,recv,,
22,ORCH,S10,1040,agg,send,,
22,ORCH,S10,1040,agg,recv,,
22,ORCH,S11,1040,agg,send,,
22,ORCH,S11,1040,agg,recv,,
22,ORCH,S13,1040,agg,send,,
22,ORCH,S13,1040,agg,recv,,
22,ORCH,S14,1040,agg,send,,
22,ORCH,S14,1040,agg,recv,,
22,ORCH,S15,1040,agg,send,,
22,ORCH,S15,1040,agg,recv,,
22,ORCH,S16,1040,agg,send,,
22,ORCH,S16,1040,agg,recv,,
22,ORCH,S17,1040,agg,send,,
22,ORCH,S17,1040,agg,recv,,
22,ORCH,S2,1040,agg,send,,
22,ORCH,S2,1040,agg,recv,,
22,ORCH,S3,1040,agg,send,,
22,ORCH,S3,1040,agg,recv,,
22,ORCH,S4,1040,agg,send,,
22,ORCH,S4,1040,agg,recv,,
22,ORCH,S5,1040,agg,send,,
22,ORCH,S5,1040,agg,recv,,
22,ORCH,S6,1040,agg,send,,
22,ORCH,S6,1040,agg,recv,,
22,ORCH,S7,1040,agg,send,,
22,ORCH,S7,1040,agg,recv,,
22,ORCH,S8,1040,agg,send,,
22,ORCH,S8,1040,agg,recv,,
22,ORCH,S9,1040,agg,send,,
22,ORCH,S9,1040,agg,recv,,
23,S14,ORCH,1040,model_delta,send,,
23,S16,ORCH,1040,model_delta,send,,
23,S10,ORCH,1040,model_delta,send,,
23,S7,ORCH,1040,model_delta,send,,
23,S2,ORCH,1040,model_delta,send,,
23,S8,ORCH,1040,model_delta,send,,
23,S4,ORCH,1040,model_delta,send,,
23,S11,ORCH,1040,model_delta,send,,
23,S5,ORCH,1040,model_delta,send,,
23,S13,ORCH,1040,model_delta,send,,
23,S6,ORCH,1040,model_delta,send,,
23,S17,ORCH,1040,model_delta,send,,
23,S15,ORCH,1040,model_delta,send,,
23,S9,ORCH,1040,model_delta,send,,
23,S3,ORCH,1040,model_delta,send,,
23,S14,ORCH,1040,model_delta,recv,,
23,S13,ORCH,1040,model_delta,recv,,
23,S2,ORCH,1040,model_delta,recv,,
23,S11,ORCH,1040,model_delta,recv,,
23,S17,ORCH,1040,model_delta,recv,,
23,S10,ORCH,1040,model_delta,recv,,
23,S9,ORCH,1040,model_delta,recv,,
23,S8,ORCH,1040,model_delta,recv,,
23,S7,ORCH,1040,model_delta,recv,,
23,S5,ORCH,1040,model_delta,recv,,
23,S16,ORCH,1040,model_delta,recv,,
23,S6,ORCH,1040,model_delta,recv,,
23,S4,ORCH,1040,model_delta,recv,,
23,S3,ORCH,1040,model_delta,recv,,
23,S15,ORCH,1040,model_delta,recv,,
23,ORCH,S10,1040,agg,send,,
23,ORCH,S10,1040,agg,recv,,
23,ORCH,S11,1040,agg,send,,
23,ORCH,S11,1040,agg,recv,,
23,ORCH,S13,1040,agg,send,,
23,ORCH,S13,1040,agg,recv,,
23,ORCH,S14,1040,agg,send,,
23,ORCH,S14,1040,agg,recv,,
23,ORCH,S15,1040,agg,send,,
23,ORCH,S15,1040,agg,recv,,
23,ORCH,S16,1040,agg,send,,
23,ORCH,S16,1040,agg,recv,,
23,ORCH,S17,1040,agg,send,,
23,ORCH,S17,1040,agg,recv,,
23,ORCH,S2,1040,agg,send,,
23,ORCH,S2,1040,agg,recv,,
23,ORCH,S3,1040,agg,send,,
23,ORCH,S3,1040,agg,recv,,
23,ORCH,S4,1040,agg,send,,
23,ORCH,S4,1040,agg,recv,,
23,ORCH,S5,1040,agg,send,,
23,ORCH,S5,1040,agg,recv,,
23,ORCH,S6,1040,agg,send,,
23,ORCH,S6,1040,agg,recv,,
23,ORCH,S7,1040,agg,send,,
23,ORCH,S7,1040,agg,recv,,
23,ORCH,S8,1040,agg,send,,
23,ORCH,S8,1040,agg,recv,,
23,ORCH,S9,1040,agg,send,,
23,ORCH,S9,1040,agg,recv,,
24,S11,ORCH,1040,model_delta,send,,
24,S9,ORCH,1040,model_delta,send,,
24,S8,ORCH,1040,model_delta,send,,
24,S6,ORCH,1040,model_delta,send,,
24,S7,ORCH,1040,model_delta,send,,
24,S14,ORCH,1040,model_delta,send,,
24,S5,ORCH,1040,model_delta,send,,
24,S10,ORCH,1040,model_delta,send,,
24,S13,ORCH,1040,model_delta,send,,
24,S16,ORCH,1040,model_delta,send,,
24,S2,ORCH,1040,model_delta,send,,
24,S3,ORCH,1040,model_delta,send,,
24,S4,ORCH,1040,model_delta,send,,
24,S17,ORCH,1040,model_delta,send,,
24,S15,ORCH,1040,model_delta,send,,
24,S6,ORCH,1040,model_delta,recv,,
24,S3,ORCH,1040,model_delta,recv,,
24,S4,ORCH,1040,model_delta,recv,,
24,S2,ORCH,1040,model_delta,recv,,
24,S7,ORCH,1040,model_delta,recv,,
24,S17,ORCH,1040,model_delta,recv,,
24,S9,ORCH,1040,model_delta,recv,,
24,S16,ORCH,1040,model_delta,recv,,
24,S13,ORCH,1040,model_delta,recv,,
24,S15,ORCH,1040,model_delta,recv,,
24,S10,ORCH,1040,model_delta,recv,,
24,S11,ORCH,1040,model_delta,recv,,
24,S5,ORCH,1040,model_delta,recv,,
24,S8,ORCH,1040,model_delta,recv,,
24,S14,ORCH,1040,model_delta,recv,,
24,ORCH,S10,1040,agg,send,,
24,ORCH,S10,1040,agg,recv,,
24,ORCH,S11,1040,agg,send,,
24,ORCH,S11,1040,agg,recv,,
24,ORCH,S13,1040,agg,send,,
24,ORCH,S13,1040,agg,recv,,
24,ORCH,S14,1040,agg,send,,
24,ORCH,S14,1040,agg,recv,,
24,ORCH,S15,1040,agg,send,,
24,ORCH,S15,1040,agg,recv,,
24,ORCH,S16,1040,agg,send,,
24,ORCH,S16,1040,agg,recv,,
24,ORCH,S17,1040,agg,send,,
24,ORCH,S17,1040,agg,recv,,
24,ORCH,S2,1040,agg,send,,
24,ORCH,S2,1040,agg,recv,,
24,ORCH,S3,1040,agg,send,,
24,ORCH,S3,1040,agg,recv,,
24,ORCH,S4,1040,agg,send,,
24,ORCH,S4,1040,agg,recv,,
24,ORCH,S5,1040,agg,send,,
24,ORCH,S5,1040,agg,recv,,
24,ORCH,S6,1040,agg,send,,
24,ORCH,S6,1040,agg,recv,,
24,ORCH,S7,1040,agg,send,,
24,ORCH,S7,1040,agg,recv,,
24,ORCH,S8,1040,agg,send,,
24,ORCH,S8,1040,agg,recv,,
24,ORCH,S9,1040,agg,send,,
24,ORCH,S9,1040,agg,recv,,
25,S9,ORCH,1040,model_delta,send,,
25,S2,ORCH,1040,model_delta,send,,
25,S7,ORCH,1040,model_delta,send,,
25,S6,ORCH,1040,model_delta,send,,
25,S15,ORCH,1040,model_delta,send,,
25,S16,ORCH,1040,model_delta,send,,
25,S10,ORCH,1040,model_delta,send,,
25,S13,ORCH,1040,model_delta,send,,
25,S4,ORCH,1040,model_delta,send,,
25,S17,ORCH,1040,model_delta,send,,
25,S3,ORCH,1040,model_delta,send,,
25,S14,ORCH,1040,model_delta,send,,
25,S5,ORCH,1040,model_delta,send,,
25,S8,ORCH,1040,model_delta,send,,
25,S11,ORCH,1040,model_delta,send,,
25,S10,ORCH,1040,model_delta,recv,,
25,S9,ORCH,1040,model_delta,recv,,
25,S7,ORCH,1040,model_delta,recv,,
25,S17,ORCH,1040,model_delta,recv,,
25,S16,ORCH,1040,model_delta,recv,,
25,S15,ORCH,1040,model_delta,recv,,
25,S6,ORCH,1040,model_delta,recv,,
25,S14,ORCH,1040,model_delta,recv,,
25,S2,ORCH,1040,model_delta,recv,,
25,S3,ORCH,1040,model_delta,recv,,
25,S5,ORCH,1040,model_delta,recv,,
25,S4,ORCH,1040,model_delta,recv,,
25,S13,ORCH,1040,model_delta,recv,,
25,S11,ORCH,1040,model_delta,recv,,
25,S8,ORCH,1040,model_delta,recv,,
25,ORCH,S10,1040,agg,send,,
25,ORCH,S10,1040,agg,recv,,
25,ORCH,S11,1040,agg,send,,
25,ORCH,S11,1040,agg,recv,,
25,ORCH,S13,1040,agg,send,,
25,ORCH,S13,1040,agg,recv,,
25,ORCH,S14,1040,agg,send,,
25,ORCH,S14,1040,agg,recv,,
25,ORCH,S15,1040,agg,send,,
25,ORCH,S15,1040,agg,recv,,
25,ORCH,S16,1040,agg,send,,
25,ORCH,S16,1040,agg,recv,,
25,ORCH,S17,1040,agg,send,,
25,ORCH,S17,1040,agg,recv,,
25,ORCH,S2,1040,agg,send,,
25,ORCH,S2,1040,agg,recv,,
25,ORCH,S3,1040,agg,send,,
25,ORCH,S3,1040,agg,recv,,
25,ORCH,S4,1040,agg,send,,
25,ORCH,S4,1040,agg,recv,,
25,ORCH,S5,1040,agg,send,,
25,ORCH,S5,1040,agg,recv,,
25,ORCH,S6,1040,agg,send,,
25,ORCH,S6,1040,agg,recv,,
25,ORCH,S7,1040,agg,send,,
25,ORCH,S7,1040,agg,recv,,
25,ORCH,S8,1040,agg,send,,
25,ORCH,S8,1040,agg,recv,,
25,ORCH,S9,1040,agg,send,,
25,ORCH,S9,1040,agg,recv,,
26,S4,ORCH,1040,model_delta,send,,
26,S11,ORCH,1040,model_delta,send,,
26,S13,ORCH,1040,model_delta,send,,
26,S6,ORCH,1040,model_delta,send,,
26,S10,ORCH,1040,model_delta,send,,
26,S7,ORCH,1040,model_delta,send,,
26,S2,ORCH,1040,model_delta,send,,
26,S14,ORCH,1040,model_delta,send,,
26,S5,ORCH,1040,model_delta,send,,
26,S3,ORCH,1040,model_delta,send,,
26,S16,ORCH,1040,model_delta,send,,
26,S8,ORCH,1040,model_delta,send,,
26,S9,ORCH,1040,model_delta,send,,
26,S15,ORCH,1040,model_delta,send,,
26,S17,ORCH,1040,model_delta,send,,
26,S15,ORCH,1040,model_delta,recv,,
26,S6,ORCH,1040,model_delta,recv,,
26,S14,ORCH,1040,model_delta,recv,,
26,S4,ORCH,1040,model_delta,recv,,
26,S5,ORCH,1040,model_delta,recv,,
26,S3,ORCH,1040,model_delta,recv,,
26,S11,ORCH,1040,model_delta,recv,,
26,S10,ORCH,1040,model_delta,recv,,
26,S13,ORCH,1040,model_delta,recv,,
26,S17,ORCH,1040,model_delta,recv,,
26,S9,ORCH,1040,model_delta,recv,,
26,S2,ORCH,1040,model_delta,recv,,
26,S8,ORCH,1040,model_delta,recv,,
26,S16,ORCH,1040,model_delta,recv,,
26,S7,ORCH,1040,model_delta,recv,,
26,ORCH,S10,1040,agg,send,,
26,ORCH,S10,1040,agg,recv,,
26,ORCH,S11,1040,agg,send,,
26,ORCH,S11,1040,agg,recv,,
26,ORCH,S13,1040,agg,send,,
26,ORCH,S13,1040,agg,recv,,
26,ORCH,S14,1040,agg,send,,
26,ORCH,S14,1040,agg,recv,,
26,ORCH,S15,1040,agg,send,,
26,ORCH,S15,1040,agg,recv,,
26,ORCH,S16,1040,agg,send,,
26,ORCH,S16,1040,agg,recv,,
26,ORCH,S17,1040,agg,send,,
26,ORCH,S17,1040,agg,recv,,
26,ORCH,S2,1040,agg,send,,
26,ORCH,S2,1040,agg,recv,,
26,ORCH,S3,1040,agg,send,,
26,ORCH,S3,1040,agg,recv,,
26,ORCH,S4,1040,agg,send,,
26,ORCH,S4,1040,agg,recv,,
26,ORCH,S5,1040,agg,send,,
26,ORCH,S5,1040,agg,recv,,
26,ORCH,S6,1040,agg,send,,
26,ORCH,S6,1040,agg,recv,,
26,ORCH,S7,1040,agg,send,,
26,ORCH,S7,1040,agg,recv,,
26,ORCH,S8,1040,agg,send,,
26,ORCH,S8,1040,agg,recv,,
26,ORCH,S9,1040,agg,send,,
26,ORCH,S9,1040,agg,recv,,
27,S3,ORCH,1040,model_delta,send,,
27,S2,ORCH,1040,model_delta,send,,
27,S4,ORCH,1040,model_delta,send,,
27,S6,ORCH,1040,model_delta,send,,
27,S15,ORCH,1040,model_delta,send,,
27,S17,ORCH,1040,model_delta,send,,
27,S10,ORCH,1040,model_delta,send,,
27,S8,ORCH,1040,model_delta,send,,
27,S5,ORCH,1040,model_delta,send,,
27,S7,ORCH,1040,model_delta,send,,
27,S9,ORCH,1040,model_delta,send,,
27,S14,ORCH,1040,model_delta,send,,
27,S16,ORCH,1040,model_delta,send,,
27,S13,ORCH,1040,model_delta,send,,
27,S11,ORCH,1040,model_delta,send,,
27,S15,ORCH,1040,model_delta,recv,,
27,S8,ORCH,1040,model_delta,recv,,
27,S7,ORCH,1040,model_delta,recv,,
27,S11,ORCH,1040,model_delta,recv,,
27,S14,ORCH,1040,model_delta,recv,,
27,S6,ORCH,1040,model_delta,recv,,
27,S17,ORCH,1040,model_delta,recv,,
27,S13,ORCH,1040,model_delta,recv,,
27,S16,ORCH,1040,model_delta,recv,,
27,S5,ORCH,1040,model_delta,recv,,
27,S10,ORCH,1040,model_delta,recv,,
27,S4,ORCH,1040,model_delta,recv,,
27,S3,ORCH,1040,model_delta,recv,,
27,S2,ORCH,1040,model_delta,recv,,
27,S9,ORCH,1040,model_delta,recv,,
27,ORCH,S10,1040,agg,send,,
27,ORCH,S10,1040,agg,recv,,
27,ORCH,S11,1040,agg,send,,
27,ORCH,S11,1040,agg,recv,,
27,ORCH,S13,1040,agg,send,,
27,ORCH,S13,1040,agg,recv,,
27,ORCH,S14,1040,agg,send,,
27,ORCH,S14,1040,agg,recv,,
27,ORCH,S15,1040,agg,send,,
27,ORCH,S15,1040,agg,recv,,
27,ORCH,S16,1040,agg,send,,
27,ORCH,S16,1040,agg,recv,,
27,ORCH,S17,1040,agg,send,,
27,ORCH,S17,1040,agg,recv,,
27,ORCH,S2,1040,agg,send,,
27,ORCH,S2,1040,agg,recv,,
27,ORCH,S3,1040,agg,send,,
27,ORCH,S3,1040,agg,recv,,
27,ORCH,S4,1040,agg,send,,
27,ORCH,S4,1040,agg,recv,,
27,ORCH,S5,1040,agg,send,,
27,ORCH,S5,1040,agg,recv,,
27,ORCH,S6,1040,agg,send,,
27,ORCH,S6,1040,agg,recv,,
27,ORCH,S7,1040,agg,send,,
27,ORCH,S7,1040,agg,recv,,
27,ORCH,S8,1040,agg,send,,
27,ORCH,S8,1040,agg,recv,,
27,ORCH,S9,1040,agg,send,,
27,ORCH,S9,1040,agg,recv,,
28,S9,ORCH,1040,model_delta,send,,
28,S4,ORCH,1040,model_delta,send,,
28,S16,ORCH,1040,model_delta,send,,
28,S10,ORCH,1040,model_delta,send,,
28,S17,ORCH,1040,model_delta,send,,
28,S11,ORCH,1040,model_delta,send,,
28,S5,ORCH,1040,model_delta,send,,
28,S14,ORCH,1040,model_delta,send,,
28,S2,ORCH,1040,model_delta,send,,
28,S13,ORCH,1040,model_delta,send,,
28,S6,ORCH,1040,model_delta,send,,
28,S15,ORCH,1040,model_delta,send,,
28,S3,ORCH,1040,model_delta,send,,
28,S8,ORCH,1040,model_delta,send,,
28,S7,ORCH,1040,model_delta,send,,
28,S16,ORCH,1040,model_delta,recv,,
28,S17,ORCH,1040,model_delta,recv,,
28,S15,ORCH,1040,model_delta,recv,,
28,S14,ORCH,1040,model_delta,recv,,
28,S13,ORCH,1040,model_delta,recv,,
28,S11,ORCH,1040,model_delta,recv,,
28,S10,ORCH,1040,model_delta,recv,,
28,S9,ORCH,1040,model_delta,recv,,
28,S8,ORCH,1040,model_delta,recv,,
28,S7,ORCH,1040,model_delta,recv,,
28,S6,ORCH,1040,model_delta,recv,,
28,S5,ORCH,1040,model_delta,recv,,
28,S4,ORCH,1040,model_delta,recv,,
28,S2,ORCH,1040,model_delta,recv,,
28,S3,ORCH,1040,model_delta,recv,,
28,ORCH,S10,1040,agg,send,,
28,ORCH,S10,1040,agg,recv,,
28,ORCH,S11,1040,agg,send,,
28,ORCH,S11,1040,agg,recv,,
28,ORCH,S13,1040,agg,send,,
28,ORCH,S13,1040,agg,recv,,
28,ORCH,S14,1040,agg,send,,
28,ORCH,S14,1040,agg,recv,,
28,ORCH,S15,1040,agg,send,,
28,ORCH,S15,1040,agg,recv,,
28,ORCH,S16,1040,agg,send,,
28,ORCH,S16,1040,agg,recv,,
28,ORCH,S17,1040,agg,send,,
28,ORCH,S17,1040,agg,recv,,
28,ORCH,S2,1040,agg,send,,
28,ORCH,S2,1040,agg,recv,,
28,ORCH,S3,1040,agg,send,,
28,ORCH,S3,1040,agg,recv,,
28,ORCH,S4,1040,agg,send,,
28,ORCH,S4,1040,agg,recv,,
28,ORCH,S5,1040,agg,send,,
28,ORCH,S5,1040,agg,recv,,
28,ORCH,S6,1040,agg,send,,
28,ORCH,S6,1040,agg,recv,,
28,ORCH,S7,1040,agg,send,,
28,ORCH,S7,1040,agg,recv,,
28,ORCH,S8,1040,agg,send,,
28,ORCH,S8,1040,agg,recv,,
28,ORCH,S9,1040,agg,send,,
28,ORCH,S9,1040,agg,recv,,
29,S10,ORCH,1040,model_delta,send,,
29,S9,ORCH,1040,model_delta,send,,
29,S15,ORCH,1040,model_delta,send,,
29,S5,ORCH,1040,model_delta,send,,
29,S17,ORCH,1040,model_delta,send,,
29,S8,ORCH,1040,model_delta,send,,
29,S13,ORCH,1040,model_delta,send,,
29,S6,ORCH,1040,model_delta,send,,
29,S4,ORCH,1040,model_delta,send,,
29,S2,ORCH,1040,model_delta,send,,
29,S7,ORCH,1040,model_delta,send,,
29,S11,ORCH,1040,model_delta,send,,
29,S16,ORCH,1040,model_delta,send,,
29,S14,ORCH,1040,model_delta,send,,
29,S3,ORCH,1040,model_delta,send,,
29,S10,ORCH,1040,model_delta,recv,,
29,S9,ORCH,1040,model_delta,recv,,
29,S8,ORCH,1040,model_delta,recv,,
29,S7,ORCH,1040,model_delta,recv,,
29,S17,ORCH,1040,model_delta,recv,,
29,S14,ORCH,1040,model_delta,recv,,
29,S16,ORCH,1040,model_delta,recv,,
29,S15,ORCH,1040,model_delta,recv,,
29,S6,ORCH,1040,model_delta,recv,,
29,S3,ORCH,1040,model_delta,recv,,
29,S2,ORCH,1040,model_delta,recv,,
29,S13,ORCH,1040,model_delta,recv,,
29,S5,ORCH,1040,model_delta,recv,,
29,S11,ORCH,1040,model_delta,recv,,
29,S4,ORCH,1040,model_delta,recv,,
29,ORCH,S10,1040,agg,send,,
29,ORCH,S10,1040,agg,recv,,
29,ORCH,S11,1040,agg,send,,
29,ORCH,S11,1040,agg,recv,,
29,ORCH,S13,1040,agg,send,,
29,ORCH,S13,1040,agg,recv,,
29,ORCH,S14,1040,agg,send,,
29,ORCH,S14,1040,agg,recv,,
29,ORCH,S15,1040,agg,send,,
29,ORCH,S15,1040,agg,recv,,
29,ORCH,S16,1040,agg,send,,
29,ORCH,S16,1040,agg,recv,,
29,ORCH,S17,1040,agg,send,,
29,ORCH,S17,1040,agg,recv,,
29,ORCH,S2,1040,agg,send,,
29,ORCH,S2,1040,agg,recv,,
29,ORCH,S3,1040,agg,send,,
29,ORCH,S3,1040,agg,recv,,
29,ORCH,S4,1040,agg,send,,
29,ORCH,S4,1040,agg,recv,,
29,ORCH,S5,1040,agg,send,,
29,ORCH,S5,1040,agg,recv,,
29,ORCH,S6,1040,agg,send,,
29,ORCH,S6,1040,agg,recv,,
29,ORCH,S7,1040,agg,send,,
29,ORCH,S7,1040,agg,recv,,
29,ORCH,S8,1040,agg,send,,
29,ORCH,S8,1040,agg,recv,,
29,ORCH,S9,1040,agg,send,,
29,ORCH,S9,1040,agg,recv,,
30,S6,ORCH,1040,model_delta,send,,
30,S16,ORCH,1040,model_delta,send,,
30,S8,ORCH,1040,model_delta,send,,
30,S13,ORCH,1040,model_delta,send,,
30,S10,ORCH,1040,model_delta,send,,
30,S14,ORCH,1040,model_delta,send,,
30,S17,ORCH,1040,model_delta,send,,
30,S7,ORCH,1040,model_delta,send,,
30,S2,ORCH,1040,model_delta,send,,
30,S4,ORCH,1040,model_delta,send,,
30,S5,ORCH,1040,model_delta,send,,
30,S9,ORCH,1040,model_delta,send,,
30,S11,ORCH,1040,model_delta,send,,
30,S15,ORCH,1040,model_delta,send,,
30,S3,ORCH,1040,model_delta,send,,
30,S3,ORCH,1040,model_delta,recv,,
30,S14,ORCH,1040,model_delta,recv,,
30,S17,ORCH,1040,model_delta,recv,,
30,S13,ORCH,1040,model_delta,recv,,
30,S7,ORCH,1040,model_delta,recv,,
30,S5,ORCH,1040,model_delta,recv,,
30,S9,ORCH,1040,model_delta,recv,,
30,S4,ORCH,1040,model_delta,recv,,
30,S2,ORCH,1040,model_delta,recv,,
30,S16,ORCH,1040,model_delta,recv,,
30,S8,ORCH,1040,model_delta,recv,,
30,S10,ORCH,1040,model_delta,recv,,
30,S15,ORCH,1040,model_delta,recv,,
30,S6,ORCH,1040,model_delta,recv,,
30,S11,ORCH,1040,model_delta,recv,,
30,ORCH,S10,1040,agg,send,,
30,ORCH,S10,1040,agg,recv,,
30,ORCH,S11,1040,agg,send,,
30,ORCH,S11,1040,agg,recv,,
30,ORCH,S13,1040,agg,send,,
30,ORCH,S13,1040,agg,recv,,
30,ORCH,S14,1040,agg,send,,
30,ORCH,S14,1040,agg,recv,,
30,ORCH,S15,1040,agg,send,,
30,ORCH,S15,1040,agg,recv,,
30,ORCH,S16,1040,agg,send,,
30,ORCH,S16,1040,agg,recv,,
30,ORCH,S17,1040,agg,send,,
30,ORCH,S17,1040,agg,recv,,
30,ORCH,S2,1040,agg,send,,
30,ORCH,S2,1040,agg,recv,,
30,ORCH,S3,1040,agg,send,,
30,ORCH,S3,1040,agg,recv,,
30,ORCH,S4,1040,agg,send,,
30,ORCH,S4,1040,agg,recv,,
30,ORCH,S5,1040,agg,send,,
30,ORCH,S5,1040,agg,recv,,
30,ORCH,S6,1040,agg,send,,
30,ORCH,S6,1040,agg,recv,,
30,ORCH,S7,1040,agg,send,,
30,ORCH,S7,1040,agg,recv,,
30,ORCH,S8,1040,agg,send,,
30,ORCH,S8,1040,agg,recv,,
30,ORCH,S9,1040,agg,send,,
30,ORCH,S9,1040,agg,recv,,
31,S4,ORCH,1040,model_delta,send,,
31,S2,ORCH,1040,model_delta,send,,
31,S16,ORCH,1040,model_delta,send,,
31,S11,ORCH,1040,model_delta,send,,
31,S13,ORCH,1040,model_delta,send,,
31,S3,ORCH,1040,model_delta,send,,
31,S14,ORCH,1040,model_delta,send,,
31,S5,ORCH,1040,model_delta,send,,
31,S7,ORCH,1040,model_delta,send,,
31,S6,ORCH,1040,model_delta,send,,
31,S15,ORCH,1040,model_delta,send,,
31,S9,ORCH,1040,model_delta,send,,
31,S10,ORCH,1040,model_delta,send,,
31,S8,ORCH,1040,model_delta,send,,
31,S17,ORCH,1040,model_delta,send,,
31,S13,ORCH,1040,model_delta,recv,,
31,S11,ORCH,1040,model_delta,recv,,
31,S10,ORCH,1040,model_delta,recv,,
31,S17,ORCH,1040,model_delta,recv,,
31,S9,ORCH,1040,model_delta,recv,,
31,S8,ORCH,1040,model_delta,recv,,
31,S7,ORCH,1040,model_delta,recv,,
31,S6,ORCH,1040,model_delta,recv,,
31,S5,ORCH,1040,model_delta,recv,,
31,S4,ORCH,1040,model_delta,recv,,
31,S3,ORCH,1040,model_delta,recv,,
31,S15,ORCH,1040,model_delta,recv,,
31,S2,ORCH,1040,model_delta,recv,,
31,S14,ORCH,1040,model_delta,recv,,
31,S16,ORCH,1040,model_delta,recv,,
31,ORCH,S10,1040,agg,send,,
31,ORCH,S10,1040,agg,recv,,
31,ORCH,S11,1040,agg,send,,
31,ORCH,S11,1040,agg,recv,,
31,ORCH,S13,1040,agg,send,,
31,ORCH,S13,1040,agg,recv,,
31,ORCH,S14,1040,agg,send,,
31,ORCH,S14,1040,agg,recv,,
31,ORCH,S15,1040,agg,send,,
31,ORCH,S15,1040,agg,recv,,
31,ORCH,S16,1040,agg,send,,
31,ORCH,S16,1040,agg,recv,,
31,ORCH,S17,1040,agg,send,,
31,ORCH,S17,1040,agg,recv,,
31,ORCH,S2,1040,agg,send,,
31,ORCH,S2,1040,agg,recv,,
31,ORCH,S3,1040,agg,send,,
31,ORCH,S3,1040,agg,recv,,
31,ORCH,S4,1040,agg,send,,
31,ORCH,S4,1040,agg,recv,,
31,ORCH,S5,1040,agg,send,,
31,ORCH,S5,1040,agg,recv,,
31,ORCH,S6,1040,agg,send,,
31,ORCH,S6,1040,agg,recv,,
31,ORCH,S7,1040,agg,send,,
31,ORCH,S7,1040,agg,recv,,
31,ORCH,S8,1040,agg,send,,
31,ORCH,S8,1040,agg,recv,,
31,ORCH,S9,1040,agg,send,,
31,ORCH,S9,1040,agg,recv,,
32,S11,ORCH,1040,model_delta,send,,
32,S8,ORCH,1040,model_delta,send,,
32,S13,ORCH,1040,model_delta,send,,
32,S4,ORCH,1040,model_delta,send,,
32,S16,ORCH,1040,model_delta,send,,
32,S5,ORCH,1040,model_delta,send,,
32,S9,ORCH,1040,model_delta,send,,
32,S2,ORCH,1040,model_delta,send,,
32,S15,ORCH,1040,model_delta,send,,
32,S7,ORCH,1040,model_delta,send,,
32,S10,ORCH,1040,model_delta,send,,
32,S17,ORCH,1040,model_delta,send,,
32,S14,ORCH,1040,model_delta,send,,
32,S6,ORCH,1040,model_delta,send,,
32,S3,ORCH,1040,model_delta,send,,
32,S16,ORCH,1040,model_delta,recv,,
32,S15,ORCH,1040,model_delta,recv,,
32,S13,ORCH,1040,model_delta,recv,,
32,S3,ORCH,1040,model_delta,recv,,
32,S14,ORCH,1040,model_delta,recv,,
32,S7,ORCH,1040,model_delta,recv,,
32,S17,ORCH,1040,model_delta,recv,,
32,S5,ORCH,1040,model_delta,recv,,
32,S11,ORCH,1040,model_delta,recv,,
32,S6,ORCH,1040,model_delta,recv,,
32,S4,ORCH,1040,model_delta,recv,,
32,S2,ORCH,1040,model_delta,recv,,
32,S10,ORCH,1040,model_delta,recv,,
32,S9,ORCH,1040,model_delta,recv,,
32,S8,ORCH,1040,model_delta,recv,,
32,ORCH,S10,1040,agg,send,,
32,ORCH,S10,1040,agg,recv,,
32,ORCH,S11,1040,agg,send,,
32,ORCH,S11,1040,agg,recv,,
32,ORCH,S13,1040,agg,send,,
32,ORCH,S13,1040,agg,recv,,
32,ORCH,S14,1040,agg,send,,
32,ORCH,S14,1040,agg,recv,,
32,ORCH,S15,1040,agg,send,,
32,ORCH,S15,1040,agg,recv,,
32,ORCH,S16,1040,agg,send,,
32,ORCH,S16,1040,agg,recv,,
32,ORCH,S17,1040,agg,send,,
32,ORCH,S17,1040,agg,recv,,
32,ORCH,S2,1040,agg,send,,
32,ORCH,S2,1040,agg,recv,,
32,ORCH,S3,1040,agg,send,,
32,ORCH,S3,1040,agg,recv,,
32,ORCH,S4,1040,agg,send,,
32,ORCH,S4,1040,agg,recv,,
32,ORCH,S5,1040,agg,send,,
32,ORCH,S5,1040,agg,recv,,
32,ORCH,S6,1040,agg,send,,
32,ORCH,S6,1040,agg,recv,,
32,ORCH,S7,1040,agg,send,,
32,ORCH,S7,1040,agg,recv,,
32,ORCH,S8,1040,agg,send,,
32,ORCH,S8,1040,agg,recv,,
32,ORCH,S9,1040,agg,send,,
32,ORCH,S9,1040,agg,recv,,
33,S3,ORCH,1040,model_delta,send,,
33,S17,ORCH,1040,model_delta,send,,
33,S16,ORCH,1040,model_delta,send,,
33,S15,ORCH,1040,model_delta,send,,
33,S6,ORCH,1040,model_delta,send,,
33,S5,ORCH,1040,model_delta,send,,
33,S2,ORCH,1040,model_delta,send,,
33,S11,ORCH,1040,model_delta,send,,
33,S9,ORCH,1040,model_delta,send,,
33,S4,ORCH,1040,model_delta,send,,
33,S13,ORCH,1040,model_delta,send,,
33,S8,ORCH,1040,model_delta,send,,
33,S7,ORCH,1040,model_delta,send,,
33,S10,ORCH,1040,model_delta,send,,
33,S14,ORCH,1040,model_delta,send,,
33,S4,ORCH,1040,model_delta,recv,,
33,S9,ORCH,1040,model_delta,recv,,
33,S5,ORCH,1040,model_delta,recv,,
33,S3,ORCH,1040,model_delta,recv,,
33,S7,ORCH,1040,model_delta,recv,,
33,S14,ORCH,1040,model_delta,recv,,
33,S6,ORCH,1040,model_delta,recv,,
33,S8,ORCH,1040,model_delta,recv,,
33,S2,ORCH,1040,model_delta,recv,,
33,S13,ORCH,1040,model_delta,recv,,
33,S10,ORCH,1040,model_delta,recv,,
33,S15,ORCH,1040,model_delta,recv,,
33,S11,ORCH,1040,model_delta,recv,,
33,S16,ORCH,1040,model_delta,recv,,
33,S17,ORCH,1040,model_delta,recv,,
33,ORCH,S10,1040,agg,send,,
33,ORCH,S10,1040,agg,recv,,
33,ORCH,S11,1040,agg,send,,
33,ORCH,S11,1040,agg,recv,,
33,ORCH,S13,1040,agg,send,,
33,ORCH,S13,1040,agg,recv,,
33,ORCH,S14,1040,agg,send,,
33,ORCH,S14,1040,agg,recv,,
33,ORCH,S15,1040,agg,send,,
33,ORCH,S15,1040,agg,recv,,
33,ORCH,S16,1040,agg,send,,
33,ORCH,S16,1040,agg,recv,,
33,ORCH,S17,1040,agg,send,,
33,ORCH,S17,1040,agg,recv,,
33,ORCH,S2,1040,agg,send,,
33,ORCH,S2,1040,agg,recv,,
33,ORCH,S3,1040,agg,send,,
33,ORCH,S3,1040,agg,recv,,
33,ORCH,S4,1040,agg,send,,
33,ORCH,S4,1040,agg,recv,,
33,ORCH,S5,1040,agg,send,,
33,ORCH,S5,1040,agg,recv,,
33,ORCH,S6,1040,agg,send,,
33,ORCH,S6,1040,agg,recv,,
33,ORCH,S7,1040,agg,send,,
33,ORCH,S7,1040,agg,recv,,
33,ORCH,S8,1040,agg,send,,
33,ORCH,S8,1040,agg,recv,,
33,ORCH,S9,1040,agg,send,,
33,ORCH,S9,1040,agg,recv,,
34,S11,ORCH,1040,model_delta,send,,
34,S9,ORCH,1040,model_delta,send,,
34,S16,ORCH,1040,model_delta,send,,
34,S10,ORCH,1040,model_delta,send,,
34,S14,ORCH,1040,model_delta,send,,
34,S6,ORCH,1040,model_delta,send,,
34,S5,ORCH,1040,model_delta,send,,
34,S4,ORCH,1040,model_delta,send,,
34,S2,ORCH,1040,model_delta,send,,
34,S17,ORCH,1040,model_delta,send,,
34,S13,ORCH,1040,model_delta,send,,
34,S7,ORCH,1040,model_delta,send,,
34,S3,ORCH,1040,model_delta,send,,
34,S8,ORCH,1040,model_delta,send,,
34,S15,ORCH,1040,model_delta,send,,
34,S11,ORCH,1040,model_delta,recv,,
34,S10,ORCH,1040,model_delta,recv,,
34,S9,ORCH,1040,model_delta,recv,,
34,S8,ORCH,1040,model_delta,recv,,
34,S7,ORCH,1040,model_delta,recv,,
34,S14,ORCH,1040,model_delta,recv,,
34,S17,ORCH,1040,model_delta,recv,,
34,S16,ORCH,1040,model_delta,recv,,
34,S5,ORCH,1040,model_delta,recv,,
34,S4,ORCH,1040,model_delta,recv,,
34,S3,ORCH,1040,model_delta,recv,,
34,S2,ORCH,1040,model_delta,recv,,
34,S15,ORCH,1040,model_delta,recv,,
34,S13,ORCH,1040,model_delta,recv,,
34,S6,ORCH,1040,model_delta,recv,,
34,ORCH,S10,1040,agg,send,,
34,ORCH,S10,1040,agg,recv,,
34,ORCH,S11,1040,agg,send,,
34,ORCH,S11,1040,agg,recv,,
34,ORCH,S13,1040,agg,send,,
34,ORCH,S13,1040,agg,recv,,
34,ORCH,S14,1040,agg,send,,
34,ORCH,S14,1040,agg,recv,,
34,ORCH,S15,1040,agg,send,,
34,ORCH,S15,1040,agg,recv,,
34,ORCH,S16,1040,agg,send,,
34,ORCH,S16,1040,agg,recv,,
34,ORCH,S17,1040,agg,send,,
34,ORCH,S17,1040,agg,recv,,
34,ORCH,S2,1040,agg,send,,
34,ORCH,S2,1040,agg,recv,,
34,ORCH,S3,1040,agg,send,,
34,ORCH,S3,1040,agg,recv,,
34,ORCH,S4,1040,agg,send,,
34,ORCH,S4,1040,agg,recv,,
34,ORCH,S5,1040,agg,send,,
34,ORCH,S5,1040,agg,recv,,
34,ORCH,S6,1040,agg,send,,
34,ORCH,S6,1040,agg,recv,,
34,ORCH,S7,1040,agg,send,,
34,ORCH,S7,1040,agg,recv,,
34,ORCH,S8,1040,agg,send,,
34,ORCH,S8,1040,agg,recv,,
34,ORCH,S9,1040,agg,send,,
34,ORCH,S9,1040,agg,recv,,
35,S13,ORCH,1040,model_delta,send,,
35,S6,ORCH,1040,model_delta,send,,
35,S15,ORCH,1040,model_delta,send,,
35,S14,ORCH,1040,model_delta,send,,
35,S17,ORCH,1040,model_delta,send,,
35,S9,ORCH,1040,model_delta,send,,
35,S3,ORCH,1040,model_delta,send,,
35,S2,ORCH,1040,model_delta,send,,
35,S5,ORCH,1040,model_delta,send,,
35,S4,ORCH,1040,model_delta,send,,
35,S8,ORCH,1040,model_delta,send,,
35,S11,ORCH,1040,model_delta,send,,
35,S10,ORCH,1040,model_delta,send,,
35,S7,ORCH,1040,model_delta,send,,
35,S16,ORCH,1040,model_delta,send,,
35,S2,ORCH,1040,model_delta,recv,,
35,S11,ORCH,1040,model_delta,recv,,
35,S10,ORCH,1040,model_delta,recv,,
35,S16,ORCH,1040,model_delta,recv,,
35,S7,ORCH,1040,model_delta,recv,,
35,S9,ORCH,1040,model_delta,recv,,
35,S8,ORCH,1040,model_delta,recv,,
35,S15,ORCH,1040,model_delta,recv,,
35,S17,ORCH,1040,model_delta,recv,,
35,S6,ORCH,1040,model_delta,recv,,
35,S14,ORCH,1040,model_delta,recv,,
35,S4,ORCH,1040,model_delta,recv,,
35,S13,ORCH,1040,model_delta,recv,,
35,S5,ORCH,1040,model_delta,recv,,
35,S3,ORCH,1040,model_delta,recv,,
35,ORCH,S10,1040,agg,send,,
35,ORCH,S10,1040,agg,recv,,
35,ORCH,S11,1040,agg,send,,
35,ORCH,S11,1040,agg,recv,,
35,ORCH,S13,1040,agg,send,,
35,ORCH,S13,1040,agg,recv,,
35,ORCH,S14,1040,agg,send,,
35,ORCH,S14,1040,agg,recv,,
35,ORCH,S15,1040,agg,send,,
35,ORCH,S15,1040,agg,recv,,
35,ORCH,S16,1040,agg,send,,
35,ORCH,S16,1040,agg,recv,,
35,ORCH,S17,1040,agg,send,,
35,ORCH,S17,1040,agg,recv,,
35,ORCH,S2,1040,agg,send,,
35,ORCH,S2,1040,agg,recv,,
35,ORCH,S3,1040,agg,send,,
35,ORCH,S3,1040,agg,recv,,
35,ORCH,S4,1040,agg,send,,
35,ORCH,S4,1040,agg,recv,,
35,ORCH,S5,1040,agg,send,,
35,ORCH,S5,1040,agg,recv,,
35,ORCH,S6,1040,agg,send,,
35,ORCH,S6,1040,agg,recv,,
35,ORCH,S7,1040,agg,send,,
35,ORCH,S7,1040,agg,recv,,
35,ORCH,S8,1040,agg,send,,
35,ORCH,S8,1040,agg,recv,,
35,ORCH,S9,1040,agg,send,,
35,ORCH,S9,1040,agg,recv,,
36,S7,ORCH,1040,model_delta,send,,
36,S14,ORCH,1040,model_delta,send,,
36,S15,ORCH,1040,model_delta,send,,
36,S17,ORCH,1040,model_delta,send,,
36,S13,ORCH,1040,model_delta,send,,
36,S6,ORCH,1040,model_delta,send,,
36,S5,ORCH,1040,model_delta,send,,
36,S16,ORCH,1040,model_delta,send,,
36,S8,ORCH,1040,model_delta,send,,
36,S4,ORCH,1040,model_delta,send,,
36,S11,ORCH,1040,model_delta,send,,
36,S9,ORCH,1040,model_delta,send,,
36,S2,ORCH,1040,model_delta,send,,
36,S10,ORCH,1040,model_delta,send,,
36,S3,ORCH,1040,model_delta,send,,
36,S8,ORCH,1040,model_delta,recv,,
36,S7,ORCH,1040,model_delta,recv,,
36,S6,ORCH,1040,model_delta,recv,,
36,S5,ORCH,1040,model_delta,recv,,
36,S4,ORCH,1040,model_delta,recv,,
36,S3,ORCH,1040,model_delta,recv,,
36,S14,ORCH,1040,model_delta,recv,,
36,S2,ORCH,1040,model_delta,recv,,
36,S17,ORCH,1040,model_delta,recv,,
36,S13,ORCH,1040,model_delta,recv,,
36,S9,ORCH,1040,model_delta,recv,,
36,S11,ORCH,1040,model_delta,recv,,
36,S15,ORCH,1040,model_delta,recv,,
36,S10,ORCH,1040,model_delta,recv,,
36,S16,ORCH,1040,model_delta,recv,,
36,ORCH,S10,1040,agg,send,,
36,ORCH,S10,1040,agg,recv,,
36,ORCH,S11,1040,agg,send,,
36,ORCH,S11,1040,agg,recv,,
36,ORCH,S13,1040,agg,send,,
36,ORCH,S13,1040,agg,recv,,
36,ORCH,S14,1040,agg,send,,
36,ORCH,S14,1040,agg,recv,,
36,ORCH,S15,1040,agg,send,,
36,ORCH,S15,1040,agg,recv,,
36,ORCH,S16,1040,agg,send,,
36,ORCH,S16,1040,agg,recv,,
36,ORCH,S17,1040,agg,send,,
36,ORCH,S17,1040,agg,recv,,
36,ORCH,S2,1040,agg,send,,
36,ORCH,S2,1040,agg,recv,,
36,ORCH,S3,1040,agg,send,,
36,ORCH,S3,1040,agg,recv,,
36,ORCH,S4,1040,agg,send,,
36,ORCH,S4,1040,agg,recv,,
36,ORCH,S5,1040,agg,send,,
36,ORCH,S5,1040,agg,recv,,
36,ORCH,S6,1040,agg,send,,
36,ORCH,S6,1040,agg,recv,,
36,ORCH,S7,1040,agg,send,,
36,ORCH,S7,1040,agg,recv,,
36,ORCH,S8,1040,agg,send,,
36,ORCH,S8,1040,agg,recv,,
36,ORCH,S9,1040,agg,send,,
36,ORCH,S9,1040,agg,recv,,
37,S9,ORCH,1040,model_delta,send,,
37,S17,ORCH,1040,model_delta,send,,
37,S13,ORCH,1040,model_delta,send,,
37,S11,ORCH,1040,model_delta,send,,
37,S10,ORCH,1040,model_delta,send,,
37,S5,ORCH,1040,model_delta,send,,
37,S6,ORCH,1040,model_delta,send,,
37,S3,ORCH,1040,model_delta,send,,
37,S16,ORCH,1040,model_delta,send,,
37,S14,ORCH,1040,model_delta,send,,
37,S15,ORCH,1040,model_delta,send,,
37,S8,ORCH,1040,model_delta,send,,
37,S2,ORCH,1040,model_delta,send,,
37,S4,ORCH,1040,model_delta,send,,
37,S7,ORCH,1040,model_delta,send,,
37,S14,ORCH,1040,model_delta,recv,,
37,S11,ORCH,1040,model_delta,recv,,
37,S13,ORCH,1040,model_delta,recv,,
37,S6,ORCH,1040,model_delta,recv,,
37,S5,ORCH,1040,model_delta,recv,,
37,S4,ORCH,1040,model_delta,recv,,
37,S3,ORCH,1040,model_delta,recv,,
37,S2,ORCH,1040,model_delta,recv,,
37,S10,ORCH,1040,model_delta,recv,,
37,S7,ORCH,1040,model_delta,recv,,
37,S8,ORCH,1040,model_delta,recv,,
37,S17,ORCH,1040,model_delta,recv,,
37,S16,ORCH,1040,model_delta,recv,,
37,S9,ORCH,1040,model_delta,recv,,
37,S15,ORCH,1040,model_delta,recv,,
37,ORCH,S10,1040,agg,send,,
37,ORCH,S10,1040,agg,recv,,
37,ORCH,S11,1040,agg,send,,
37,ORCH,S11,1040,agg,recv,,
37,ORCH,S13,1040,agg,send,,
37,ORCH,S13,1040,agg,recv,,
37,ORCH,S14,1040,agg,send,,
37,ORCH,S14,1040,agg,recv,,
37,ORCH,S15,1040,agg,send,,
37,ORCH,S15,1040,agg,recv,,
37,ORCH,S16,1040,agg,send,,
37,ORCH,S16,1040,agg,recv,,
37,ORCH,S17,1040,agg,send,,
37,ORCH,S17,1040,agg,recv,,
37,ORCH,S2,1040,agg,send,,
37,ORCH,S2,1040,agg,recv,,
37,ORCH,S3,1040,agg,send,,
37,ORCH,S3,1040,agg,recv,,
37,ORCH,S4,1040,agg,send,,
37,ORCH,S4,1040,agg,recv,,
37,ORCH,S5,1040,agg,send,,
37,ORCH,S5,1040,agg,recv,,
37,ORCH,S6,1040,agg,send,,
37,ORCH,S6,1040,agg,recv,,
37,ORCH,S7,1040,agg,send,,
37,ORCH,S7,1040,agg,recv,,
37,ORCH,S8,1040,agg,send,,
37,ORCH,S8,1040,agg,recv,,
37,ORCH,S9,1040,agg,send,,
37,ORCH,S9,1040,agg,recv,,
38,S9,ORCH,1040,model_delta,send,,
38,S6,ORCH,1040,model_delta,send,,
38,S4,ORCH,1040,model_delta,send,,
38,S14,ORCH,1040,model_delta,send,,
38,S3,ORCH,1040,model_delta,send,,
38,S10,ORCH,1040,model_delta,send,,
38,S15,ORCH,1040,model_delta,send,,
38,S11,ORCH,1040,model_delta,send,,
38,S5,ORCH,1040,model_delta,send,,
38,S7,ORCH,1040,model_delta,send,,
38,S2,ORCH,1040,model_delta,send,,
38,S17,ORCH,1040,model_delta,send,,
38,S8,ORCH,1040,model_delta,send,,
38,S13,ORCH,1040,model_delta,send,,
38,S16,ORCH,1040,model_delta,send,,
38,S17,ORCH,1040,model_delta,recv,,
38,S16,ORCH,1040,model_delta,recv,,
38,S15,ORCH,1040,model_delta,recv,,
38,S14,ORCH,1040,model_delta,recv,,
38,S13,ORCH,1040,model_delta,recv,,
38,S11,ORCH,1040,model_delta,recv,,
38,S10,ORCH,1040,model_delta,recv,,
38,S9,ORCH,1040,model_delta,recv,,
38,S4,ORCH,1040,model_delta,recv,,
38,S8,ORCH,1040,model_delta,recv,,
38,S3,ORCH,1040,model_delta,recv,,
38,S7,ORCH,1040,model_delta,recv,,
38,S6,ORCH,1040,model_delta,recv,,
38,S2,ORCH,1040,model_delta,recv,,
38,S5,ORCH,1040,model_delta,recv,,
38,ORCH,S10,1040,agg,send,,
38,ORCH,S10,1040,agg,recv,,
38,ORCH,S11,1040,agg,send,,
38,ORCH,S11,1040,agg,recv,,
38,ORCH,S13,1040,agg,send,,
38,ORCH,S13,1040,agg,recv,,
38,ORCH,S14,1040,agg,send,,
38,ORCH,S14,1040,agg,recv,,
38,ORCH,S15,1040,agg,send,,
38,ORCH,S15,1040,agg,recv,,
38,ORCH,S16,1040,agg,send,,
38,ORCH,S16,1040,agg,recv,,
38,ORCH,S17,1040,agg,send,,
38,ORCH,S17,1040,agg,recv,,
38,ORCH,S2,1040,agg,send,,
38,ORCH,S2,1040,agg,recv,,
38,ORCH,S3,1040,agg,send,,
38,ORCH,S3,1040,agg,recv,,
38,ORCH,S4,1040,agg,send,,
38,ORCH,S4,1040,agg,recv,,
38,ORCH,S5,1040,agg,send,,
38,ORCH,S5,1040,agg,recv,,
38,ORCH,S6,1040,agg,send,,
38,ORCH,S6,1040,agg,recv,,
38,ORCH,S7,1040,agg,send,,
38,ORCH,S7,1040,agg,recv,,
38,ORCH,S8,1040,agg,send,,
38,ORCH,S8,1040,agg,recv,,
38,ORCH,S9,1040,agg,send,,
38,ORCH,S9,1040,agg,recv,,
39,S8,ORCH,1040,model_delta,send,,
39,S7,ORCH,1040,model_delta,send,,
39,S5,ORCH,1040,model_delta,send,,
39,S16,ORCH,1040,model_delta,send,,
39,S4,ORCH,1040,model_delta,send,,
39,S3,ORCH,1040,model_delta,send,,
39,S14,ORCH,1040,model_delta,send,,
39,S9,ORCH,1040,model_delta,send,,
39,S17,ORCH,1040,model_delta,send,,
39,S11,ORCH,1040,model_delta,send,,
39,S2,ORCH,1040,model_delta,send,,
39,S6,ORCH,1040,model_delta,send,,
39,S10,ORCH,1040,model_delta,send,,
39,S13,ORCH,1040,model_delta,send,,
39,S15,ORCH,1040,model_delta,send,,
39,S3,ORCH,1040,model_delta,recv,,
39,S9,ORCH,1040,model_delta,recv,,
39,S15,ORCH,1040,model_delta,recv,,
39,S10,ORCH,1040,model_delta,recv,,
39,S2,ORCH,1040,model_delta,recv,,
39,S7,ORCH,1040,model_delta,recv,,
39,S8,ORCH,1040,model_delta,recv,,
39,S5,ORCH,1040,model_delta,recv,,
39,S4,ORCH,1040,model_delta,recv,,
39,S14,ORCH,1040,model_delta,recv,,
39,S13,ORCH,1040,model_delta,recv,,
39,S11,ORCH,1040,model_delta,recv,,
39,S17,ORCH,1040,model_delta,recv,,
39,S16,ORCH,1040,model_delta,recv,,
39,S6,ORCH,1040,model_delta,recv,,
39,ORCH,S10,1040,agg,send,,
39,ORCH,S10,1040,agg,recv,,
39,ORCH,S11,1040,agg,send,,
39,ORCH,S11,1040,agg,recv,,
39,ORCH,S13,1040,agg,send,,
39,ORCH,S13,1040,agg,recv,,
39,ORCH,S14,1040,agg,send,,
39,ORCH,S14,1040,agg,recv,,
39,ORCH,S15,1040,agg,send,,
39,ORCH,S15,1040,agg,recv,,
39,ORCH,S16,1040,agg,send,,
39,ORCH,S16,1040,agg,recv,,
39,ORCH,S17,1040,agg,send,,
39,ORCH,S17,1040,agg,recv,,
39,ORCH,S2,1040,agg,send,,
39,ORCH,S2,1040,agg,recv,,
39,ORCH,S3,1040,agg,send,,
39,ORCH,S3,1040,agg,recv,,
39,ORCH,S4,1040,agg,send,,
39,ORCH,S4,1040,agg,recv,,
39,ORCH,S5,1040,agg,send,,
39,ORCH,S5,1040,agg,recv,,
39,ORCH,S6,1040,agg,send,,
39,ORCH,S6,1040,agg,recv,,
39,ORCH,S7,1040,agg,send,,
39,ORCH,S7,1040,agg,recv,,
39,ORCH,S8,1040,agg,send,,
39,ORCH,S8,1040,agg,recv,,
39,ORCH,S9,1040,agg,send,,
39,ORCH,S9,1040,agg,recv,,
40,S2,ORCH,1040,model_delta,send,,
40,S8,ORCH,1040,model_delta,send,,
40,S6,ORCH,1040,model_delta,send,,
40,S13,ORCH,1040,model_delta,send,,
40,S15,ORCH,1040,model_delta,send,,
40,S17,ORCH,1040,model_delta,send,,
40,S5,ORCH,1040,model_delta,send,,
40,S9,ORCH,1040,model_delta,send,,
40,S16,ORCH,1040,model_delta,send,,
40,S10,ORCH,1040,model_delta,send,,
40,S4,ORCH,1040,model_delta,send,,
40,S14,ORCH,1040,model_delta,send,,
40,S7,ORCH,1040,model_delta,send,,
40,S3,ORCH,1040,model_delta,send,,
40,S11,ORCH,1040,model_delta,send,,
40,S14,ORCH,1040,model_delta,recv,,
40,S6,ORCH,1040,model_delta,recv,,
40,S7,ORCH,1040,model_delta,recv,,
40,S5,ORCH,1040,model_delta,recv,,
40,S4,ORCH,1040,model_delta,recv,,
40,S11,ORCH,1040,model_delta,recv,,
40,S3,ORCH,1040,model_delta,recv,,
40,S9,ORCH,1040,model_delta,recv,,
40,S2,ORCH,1040,model_delta,recv,,
40,S17,ORCH,1040,model_delta,recv,,
40,S8,ORCH,1040,model_delta,recv,,
40,S16,ORCH,1040,model_delta,recv,,
40,S10,ORCH,1040,model_delta,recv,,
40,S13,ORCH,1040,model_delta,recv,,
40,S15,ORCH,1040,model_delta,recv,,
40,ORCH,S10,1040,agg,send,,
40,ORCH,S10,1040,agg,recv,,
40,ORCH,S11,1040,agg,send,,
40,ORCH,S11,1040,agg,recv,,
40,ORCH,S13,1040,agg,send,,
40,ORCH,S13,1040,agg,recv,,
40,ORCH,S14,1040,agg,send,,
40,ORCH,S14,1040,agg,recv,,
40,ORCH,S15,1040,agg,send,,
40,ORCH,S15,1040,agg,recv,,
40,ORCH,S16,1040,agg,send,,
40,ORCH,S16,1040,agg,recv,,
40,ORCH,S17,1040,agg,send,,
40,ORCH,S17,1040,agg,recv,,
40,ORCH,S2,1040,agg,send,,
40,ORCH,S2,1040,agg,recv,,
40,ORCH,S3,1040,agg,send,,
40,ORCH,S3,1040,agg,recv,,
40,ORCH,S4,1040,agg,send,,
40,ORCH,S4,1040,agg,recv,,
40,ORCH,S5,1040,agg,send,,
40,ORCH,S5,1040,agg,recv,,
40,ORCH,S6,1040,agg,send,,
40,ORCH,S6,1040,agg,recv,,
40,ORCH,S7,1040,agg,send,,
40,ORCH,S7,1040,agg,recv,,
40,ORCH,S8,1040,agg,send,,
40,ORCH,S8,1040,agg,recv,,
40,ORCH,S9,1040,agg,send,,
40,ORCH,S9,1040,agg,recv,,
41,S6,ORCH,1040,model_delta,send,,
41,S4,ORCH,1040,model_delta,send,,
41,S7,ORCH,1040,model_delta,send,,
41,S14,ORCH,1040,model_delta,send,,
41,S2,ORCH,1040,model_delta,send,,
41,S16,ORCH,1040,model_delta,send,,
41,S17,ORCH,1040,model_delta,send,,
41,S13,ORCH,1040,model_delta,send,,
41,S11,ORCH,1040,model_delta,send,,
41,S10,ORCH,1040,model_delta,send,,
41,S5,ORCH,1040,model_delta,send,,
41,S3,ORCH,1040,model_delta,send,,
41,S8,ORCH,1040,model_delta,send,,
41,S15,ORCH,1040,model_delta,send,,
41,S9,ORCH,1040,model_delta,send,,
41,S8,ORCH,1040,model_delta,recv,,
41,S7,ORCH,1040,model_delta,recv,,
41,S6,ORCH,1040,model_delta,recv,,
41,S10,ORCH,1040,model_delta,recv,,
41,S17,ORCH,1040,model_delta,recv,,
41,S5,ORCH,1040,model_delta,recv,,
41,S16,ORCH,1040,model_delta,recv,,
41,S15,ORCH,1040,model_delta,recv,,
41,S14,ORCH,1040,model_delta,recv,,
41,S13,ORCH,1040,model_delta,recv,,
41,S4,ORCH,1040,model_delta,recv,,
41,S3,ORCH,1040,model_delta,recv,,
41,S11,ORCH,1040,model_delta,recv,,
41,S9,ORCH,1040,model_delta,recv,,
41,S2,ORCH,1040,model_delta,recv,,
41,ORCH,S10,1040,agg,send,,
41,ORCH,S10,1040,agg,recv,,
41,ORCH,S11,1040,agg,send,,
41,ORCH,S11,1040,agg,recv,,
41,ORCH,S13,1040,agg,send,,
41,ORCH,S13,1040,agg,recv,,
41,ORCH,S14,1040,agg,send,,
41,ORCH,S14,1040,agg,recv,,
41,ORCH,S15,1040,agg,send,,
41,ORCH,S15,1040,agg,recv,,
41,ORCH,S16,1040,agg,send,,
41,ORCH,S16,1040,agg,recv,,
41,ORCH,S17,1040,agg,send,,
41,ORCH,S17,1040,agg,recv,,
41,ORCH,S2,1040,agg,send,,
41,ORCH,S2,1040,agg,recv,,
41,ORCH,S3,1040,agg,send,,
41,ORCH,S3,1040,agg,recv,,
41,ORCH,S4,1040,agg,send,,
41,ORCH,S4,1040,agg,recv,,
41,ORCH,S5,1040,agg,send,,
41,ORCH,S5,1040,agg,recv,,
41,ORCH,S6,1040,agg,send,,
41,ORCH,S6,1040,agg,recv,,
41,ORCH,S7,1040,agg,send,,
41,ORCH,S7,1040,agg,recv,,
41,ORCH,S8,1040,agg,send,,
41,ORCH,S8,1040,agg,recv,,
41,ORCH,S9,1040,agg,send,,
41,ORCH,S9,1040,agg,recv,,
42,S10,ORCH,1040,model_delta,send,,
42,S9,ORCH,1040,model_delta,send,,
42,S15,ORCH,1040,model_delta,send,,
42,S13,ORCH,1040,model_delta,send,,
42,S17,ORCH,1040,model_delta,send,,
42,S8,ORCH,1040,model_delta,send,,
42,S3,ORCH,1040,model_delta,send,,
42,S11,ORCH,1040,model_delta,send,,
42,S2,ORCH,1040,model_delta,send,,
42,S16,ORCH,1040,model_delta,send,,
42,S7,ORCH,1040,model_delta,send,,
42,S6,ORCH,1040,model_delta,send,,
42,S5,ORCH,1040,model_delta,send,,
42,S14,ORCH,1040,model_delta,send,,
42,S4,ORCH,1040,model_delta,send,,
42,S4,ORCH,1040,model_delta,recv,,
42,S7,ORCH,1040,model_delta,recv,,
42,S6,ORCH,1040,model_delta,recv,,
42,S3,ORCH,1040,model_delta,recv,,
42,S5,ORCH,1040,model_delta,recv,,
42,S2,ORCH,1040,model_delta,recv,,
42,S16,ORCH,1040,model_delta,recv,,
42,S17,ORCH,1040,model_delta,recv,,
42,S15,ORCH,1040,model_delta,recv,,
42,S14,ORCH,1040,model_delta,recv,,
42,S11,ORCH,1040,model_delta,recv,,
42,S13,ORCH,1040,model_delta,recv,,
42,S10,ORCH,1040,model_delta,recv,,
42,S9,ORCH,1040,model_delta,recv,,
42,S8,ORCH,1040,model_delta,recv,,
42,ORCH,S10,1040,agg,send,,
42,ORCH,S10,1040,agg,recv,,
42,ORCH,S11,1040,agg,send,,
42,ORCH,S11,1040,agg,recv,,
42,ORCH,S13,1040,agg,send,,
42,ORCH,S13,1040,agg,recv,,
42,ORCH,S14,1040,agg,send,,
42,ORCH,S14,1040,agg,recv,,
42,ORCH,S15,1040,agg,send,,
42,ORCH,S15,1040,agg,recv,,
42,ORCH,S16,1040,agg,send,,
42,ORCH,S16,1040,agg,recv,,
42,ORCH,S17,1040,agg,send,,
42,ORCH,S17,1040,agg,recv,,
42,ORCH,S2,1040,agg,send,,
42,ORCH,S2,1040,agg,recv,,
42,ORCH,S3,1040,agg,send,,
42,ORCH,S3,1040,agg,recv,,
42,ORCH,S4,1040,agg,send,,
42,ORCH,S4,1040,agg,recv,,
42,ORCH,S5,1040,agg,send,,
42,ORCH,S5,1040,agg,recv,,
42,ORCH,S6,1040,agg,send,,
42,ORCH,S6,1040,agg,recv,,
42,ORCH,S7,1040,agg,send,,
42,ORCH,S7,1040,agg,recv,,
42,ORCH,S8,1040,agg,send,,
42,ORCH,S8,1040,agg,recv,,
42,ORCH,S9,1040,agg,send,,
42,ORCH,S9,1040,agg,recv,,
43,S17,ORCH,1040,model_delta,send,,
43,S16,ORCH,1040,model_delta,send,,
43,S11,ORCH,1040,model_delta,send,,
43,S7,ORCH,1040,model_delta,send,,
43,S4,ORCH,1040,model_delta,send,,
43,S2,ORCH,1040,model_delta,send,,
43,S3,ORCH,1040,model_delta,send,,
43,S14,ORCH,1040,model_delta,send,,
43,S13,ORCH,1040,model_delta,send,,
43,S10,ORCH,1040,model_delta,send,,
43,S8,ORCH,1040,model_delta,send,,
43,S15,ORCH,1040,model_delta,send,,
43,S5,ORCH,1040,model_delta,send,,
43,S9,ORCH,1040,model_delta,send,,
43,S6,ORCH,1040,model_delta,send,,
43,S8,ORCH,1040,model_delta,recv,,
43,S9,ORCH,1040,model_delta,recv,,
43,S7,ORCH,1040,model_delta,recv,,
43,S2,ORCH,1040,model_delta,recv,,
43,S5,ORCH,1040,model_delta,recv,,
43,S17,ORCH,1040,model_delta,recv,,
43,S16,ORCH,1040,model_delta,recv,,
43,S15,ORCH,1040,model_delta,recv,,
43,S3,ORCH,1040,model_delta,recv,,
43,S14,ORCH,1040,model_delta,recv,,
43,S11,ORCH,1040,model_delta,recv,,
43,S10,ORCH,1040,model_delta,recv,,
43,S6,ORCH,1040,model_delta,recv,,
43,S13,ORCH,1040,model_delta,recv,,
43,S4,ORCH,1040,model_delta,recv,,
43,ORCH,S10,1040,agg,send,,
43,ORCH,S10,1040,agg,recv,,
43,ORCH,S11,1040,agg,send,,
43,ORCH,S11,1040,agg,recv,,
43,ORCH,S13,1040,agg,send,,
43,ORCH,S13,1040,agg,recv,,
43,ORCH,S14,1040,agg,send,,
43,ORCH,S14,1040,agg,recv,,
43,ORCH,S15,1040,agg,send,,
43,ORCH,S15,1040,agg,recv,,
43,ORCH,S16,1040,agg,send,,
43,ORCH,S16,1040,agg,recv,,
43,ORCH,S17,1040,agg,send,,
43,ORCH,S17,1040,agg,recv,,
43,ORCH,S2,1040,agg,send,,
43,ORCH,S2,1040,agg,recv,,
43,ORCH,S3,1040,agg,send,,
43,ORCH,S3,1040,agg,recv,,
43,ORCH,S4,1040,agg,send,,
43,ORCH,S4,1040,agg,recv,,
43,ORCH,S5,1040,agg,send,,
43,ORCH,S5,1040,agg,recv,,
43,ORCH,S6,1040,agg,send,,
43,ORCH,S6,1040,agg,recv,,
43,ORCH,S7,1040,agg,send,,
43,ORCH,S7,1040,agg,recv,,
43,ORCH,S8,1040,agg,send,,
43,ORCH,S8,1040,agg,recv,,
43,ORCH,S9,1040,agg,send,,
43,ORCH,S9,1040,agg,recv,,
44,S16,ORCH,1040,model_delta,send,,
44,S4,ORCH,1040,model_delta,send,,
44,S10,ORCH,1040,model_delta,send,,
44,S15,ORCH,1040,model_delta,send,,
44,S9,ORCH,1040,model_delta,send,,
44,S3,ORCH,1040,model_delta,send,,
44,S13,ORCH,1040,model_delta,send,,
44,S14,ORCH,1040,model_delta,send,,
44,S2,ORCH,1040,model_delta,send,,
44,S17,ORCH,1040,model_delta,send,,
44,S8,ORCH,1040,model_delta,send,,
44,S6,ORCH,1040,model_delta,send,,
44,S7,ORCH,1040,model_delta,send,,
44,S5,ORCH,1040,model_delta,send,,
44,S11,ORCH,1040,model_delta,send,,
44,S4,ORCH,1040,model_delta,recv,,
44,S13,ORCH,1040,model_delta,recv,,
44,S3,ORCH,1040,model_delta,recv,,
44,S10,ORCH,1040,model_delta,recv,,
44,S9,ORCH,1040,model_delta,recv,,
44,S8,ORCH,1040,model_delta,recv,,
44,S7,ORCH,1040,model_delta,recv,,
44,S2,ORCH,1040,model_delta,recv,,
44,S6,ORCH,1040,model_delta,recv,,
44,S15,ORCH,1040,model_delta,recv,,
44,S5,ORCH,1040,model_delta,recv,,
44,S16,ORCH,1040,model_delta,recv,,
44,S17,ORCH,1040,model_delta,recv,,
44,S14,ORCH,1040,model_delta,recv,,
44,S11,ORCH,1040,model_delta,recv,,
44,ORCH,S10,1040,agg,send,,
44,ORCH,S10,1040,agg,recv,,
44,ORCH,S11,1040,agg,send,,
44,ORCH,S11,1040,agg,recv,,
44,ORCH,S13,1040,agg,send,,
44,ORCH,S13,1040,agg,recv,,
44,ORCH,S14,1040,agg,send,,
44,ORCH,S14,1040,agg,recv,,
44,ORCH,S15,1040,agg,send,,
44,ORCH,S15,1040,agg,recv,,
44,ORCH,S16,1040,agg,send,,
44,ORCH,S16,1040,agg,recv,,
44,ORCH,S17,1040,agg,send,,
44,ORCH,S17,1040,agg,recv,,
44,ORCH,S2,1040,agg,send,,
44,ORCH,S2,1040,agg,recv,,
44,ORCH,S3,1040,agg,send,,
44,ORCH,S3,1040,agg,recv,,
44,ORCH,S4,1040,agg,send,,
44,ORCH,S4,1040,agg,recv,,
44,ORCH,S5,1040,agg,send,,
44,ORCH,S5,1040,agg,recv,,
44,ORCH,S6,1040,agg,send,,
44,ORCH,S6,1040,agg,recv,,
44,ORCH,S7,1040,agg,send,,
44,ORCH,S7,1040,agg,recv,,
44,ORCH,S8,1040,agg,send,,
44,ORCH,S8,1040,agg,recv,,
44,ORCH,S9,1040,agg,send,,
44,ORCH,S9,1040,agg,recv,,
45,S9,ORCH,1040,model_delta,send,,
45,S14,ORCH,1040,model_delta,send,,
45,S4,ORCH,1040,model_delta,send,,
45,S8,ORCH,1040,model_delta,send,,
45,S17,ORCH,1040,model_delta,send,,
45,S13,ORCH,1040,model_delta,send,,
45,S7,ORCH,1040,model_delta,send,,
45,S11,ORCH,1040,model_delta,send,,
45,S3,ORCH,1040,model_delta,send,,
45,S10,ORCH,1040,model_delta,send,,
45,S5,ORCH,1040,model_delta,send,,
45,S6,ORCH,1040,model_delta,send,,
45,S16,ORCH,1040,model_delta,send,,
45,S2,ORCH,1040,model_delta,send,,
45,S15,ORCH,1040,model_delta,send,,
45,S9,ORCH,1040,model_delta,recv,,
45,S3,ORCH,1040,model_delta,recv,,
45,S17,ORCH,1040,model_delta,recv,,
45,S10,ORCH,1040,model_delta,recv,,
45,S16,ORCH,1040,model_delta,recv,,
45,S8,ORCH,1040,model_delta,recv,,
45,S7,ORCH,1040,model_delta,recv,,
45,S14,ORCH,1040,model_delta,recv,,
45,S13,ORCH,1040,model_delta,recv,,
45,S15,ORCH,1040,model_delta,recv,,
45,S6,ORCH,1040,model_delta,recv,,
45,S5,ORCH,1040,model_delta,recv,,
45,S4,ORCH,1040,model_delta,recv,,
45,S11,ORCH,1040,model_delta,recv,,
45,S2,ORCH,1040,model_delta,recv,,
45,ORCH,S10,1040,agg,send,,
45,ORCH,S10,1040,agg,recv,,
45,ORCH,S11,1040,agg,send,,
45,ORCH,S11,1040,agg,recv,,
45,ORCH,S13,1040,agg,send,,
45,ORCH,S13,1040,agg,recv,,
45,ORCH,S14,1040,agg,send,,
45,ORCH,S14,1040,agg,recv,,
45,ORCH,S15,1040,agg,send,,
45,ORCH,S15,1040,agg,recv,,
45,ORCH,S16,1040,agg,send,,
45,ORCH,S16,1040,agg,recv,,
45,ORCH,S17,1040,agg,send,,
45,ORCH,S17,1040,agg,recv,,
45,ORCH,S2,1040,agg,send,,
45,ORCH,S2,1040,agg,recv,,
45,ORCH,S3,1040,agg,send,,
45,ORCH,S3,1040,agg,recv,,
45,ORCH,S4,1040,agg,send,,
45,ORCH,S4,1040,agg,recv,,
45,ORCH,S5,1040,agg,send,,
45,ORCH,S5,1040,agg,recv,,
45,ORCH,S6,1040,agg,send,,
45,ORCH,S6,1040,agg,recv,,
45,ORCH,S7,1040,agg,send,,
45,ORCH,S7,1040,agg,recv,,
45,ORCH,S8,1040,agg,send,,
45,ORCH,S8,1040,agg,recv,,
45,ORCH,S9,1040,agg,send,,
45,ORCH,S9,1040,agg,recv,,
46,S2,ORCH,1040,model_delta,send,,
46,S6,ORCH,1040,model_delta,send,,
46,S7,ORCH,1040,model_delta,send,,
46,S17,ORCH,1040,model_delta,send,,
46,S11,ORCH,1040,model_delta,send,,
46,S3,ORCH,1040,model_delta,send,,
46,S10,ORCH,1040,model_delta,send,,
46,S5,ORCH,1040,model_delta,send,,
46,S15,ORCH,1040,model_delta,send,,
46,S13,ORCH,1040,model_delta,send,,
46,S16,ORCH,1040,model_delta,send,,
46,S14,ORCH,1040,model_delta,send,,
46,S4,ORCH,1040,model_delta,send,,
46,S8,ORCH,1040,model_delta,send,,
46,S9,ORCH,1040,model_delta,send,,
46,S9,ORCH,1040,model_delta,recv,,
46,S10,ORCH,1040,model_delta,recv,,
46,S3,ORCH,1040,model_delta,recv,,
46,S11,ORCH,1040,model_delta,recv,,
46,S8,ORCH,1040,model_delta,recv,,
46,S4,ORCH,1040,model_delta,recv,,
46,S13,ORCH,1040,model_delta,recv,,
46,S2,ORCH,1040,model_delta,recv,,
46,S5,ORCH,1040,model_delta,recv,,
46,S14,ORCH,1040,model_delta,recv,,
46,S6,ORCH,1040,model_delta,recv,,
46,S15,ORCH,1040,model_delta,recv,,
46,S7,ORCH,1040,model_delta,recv,,
46,S16,ORCH,1040,model_delta,recv,,
46,S17,ORCH,1040,model_delta,recv,,
46,ORCH,S10,1040,agg,send,,
46,ORCH,S10,1040,agg,recv,,
46,ORCH,S11,1040,agg,send,,
46,ORCH,S11,1040,agg,recv,,
46,ORCH,S13,1040,agg,send,,
46,ORCH,S13,1040,agg,recv,,
46,ORCH,S14,1040,agg,send,,
46,ORCH,S14,1040,agg,recv,,
46,ORCH,S15,1040,agg,send,,
46,ORCH,S15,1040,agg,recv,,
46,ORCH,S16,1040,agg,send,,
46,ORCH,S16,1040,agg,recv,,
46,ORCH,S17,1040,agg,send,,
46,ORCH,S17,1040,agg,recv,,
46,ORCH,S2,1040,agg,send,,
46,ORCH,S2,1040,agg,recv,,
46,ORCH,S3,1040,agg,send,,
46,ORCH,S3,1040,agg,recv,,
46,ORCH,S4,1040,agg,send,,
46,ORCH,S4,1040,agg,recv,,
46,ORCH,S5,1040,agg,send,,
46,ORCH,S5,1040,agg,recv,,
46,ORCH,S6,1040,agg,send,,
46,ORCH,S6,1040,agg,recv,,
46,ORCH,S7,1040,agg,send,,
46,ORCH,S7,1040,agg,recv,,
46,ORCH,S8,1040,agg,send,,
46,ORCH,S8,1040,agg,recv,,
46,ORCH,S9,1040,agg,send,,
46,ORCH,S9,1040,agg,recv,,
47,S6,ORCH,1040,model_delta,send,,
47,S2,ORCH,1040,model_delta,send,,
47,S4,ORCH,1040,model_delta,send,,
47,S5,ORCH,1040,model_delta,send,,
47,S14,ORCH,1040,model_delta,send,,
47,S8,ORCH,1040,model_delta,send,,
47,S3,ORCH,1040,model_delta,send,,
47,S16,ORCH,1040,model_delta,send,,
47,S7,ORCH,1040,model_delta,send,,
47,S15,ORCH,1040,model_delta,send,,
47,S10,ORCH,1040,model_delta,send,,
47,S9,ORCH,1040,model_delta,send,,
47,S17,ORCH,1040,model_delta,send,,
47,S13,ORCH,1040,model_delta,send,,
47,S7,ORCH,1040,model_delta,recv,,
47,S6,ORCH,1040,model_delta,recv,,
47,S5,ORCH,1040,model_delta,recv,,
47,S10,ORCH,1040,model_delta,recv,,
47,S4,ORCH,1040,model_delta,recv,,
47,S17,ORCH,1040,model_delta,recv,,
47,S9,ORCH,1040,model_delta,recv,,
47,S3,ORCH,1040,model_delta,recv,,
47,S8,ORCH,1040,model_delta,recv,,
47,S16,ORCH,1040,model_delta,recv,,
47,S2,ORCH,1040,model_delta,recv,,
47,S14,ORCH,1040,model_delta,recv,,
47,S15,ORCH,1040,model_delta,recv,,
47,S13,ORCH,1040,model_delta,recv,,
47,ORCH,S10,1040,agg,send,,
47,ORCH,S10,1040,agg,recv,,
47,ORCH,S11,1040,agg,send,,
47,ORCH,S11,1040,agg,recv,,
47,ORCH,S13,1040,agg,send,,
47,ORCH,S13,1040,agg,recv,,
47,ORCH,S14,1040,agg,send,,
47,ORCH,S14,1040,agg,recv,,
47,ORCH,S15,1040,agg,send,,
47,ORCH,S15,1040,agg,recv,,
47,ORCH,S16,1040,agg,send,,
47,ORCH,S16,1040,agg,recv,,
47,ORCH,S17,1040,agg,send,,
47,ORCH,S17,1040,agg,recv,,
47,ORCH,S2,1040,agg,send,,
47,ORCH,S2,1040,agg,recv,,
47,ORCH,S3,1040,agg,send,,
47,ORCH,S3,1040,agg,recv,,
47,ORCH,S4,1040,agg,send,,
47,ORCH,S4,1040,agg,recv,,
47,ORCH,S5,1040,agg,send,,
47,ORCH,S5,1040,agg,recv,,
47,S11,ORCH,1040,model_delta,send,,
47,S11,ORCH,1040,model_delta,recv,,
47,ORCH,S6,1040,agg,send,,
47,ORCH,S6,1040,agg,recv,,
47,ORCH,S7,1040,agg,send,,
47,ORCH,S7,1040,agg,recv,,
47,ORCH,S8,1040,agg,send,,
47,ORCH,S8,1040,agg,recv,,
47,ORCH,S9,1040,agg,send,,
47,ORCH,S9,1040,agg,recv,,
48,S6,ORCH,1040,model_delta,send,,
48,S3,ORCH,1040,model_delta,send,,
48,S9,ORCH,1040,model_delta,send,,
48,S10,ORCH,1040,model_delta,send,,
48,S13,ORCH,1040,model_delta,send,,
48,S11,ORCH,1040,model_delta,send,,
48,S17,ORCH,1040,model_delta,send,,
48,S16,ORCH,1040,model_delta,send,,
48,S4,ORCH,1040,model_delta,send,,
48,S7,ORCH,1040,model_delta,send,,
48,S2,ORCH,1040,model_delta,send,,
48,S14,ORCH,1040,model_delta,send,,
48,S15,ORCH,1040,model_delta,send,,
48,S5,ORCH,1040,model_delta,send,,
48,S8,ORCH,1040,model_delta,send,,
48,S7,ORCH,1040,model_delta,recv,,
48,S4,ORCH,1040,model_delta,recv,,
48,S9,ORCH,1040,model_delta,recv,,
48,S11,ORCH,1040,model_delta,recv,,
48,S3,ORCH,1040,model_delta,recv,,
48,S16,ORCH,1040,model_delta,recv,,
48,S5,ORCH,1040,model_delta,recv,,
48,S14,ORCH,1040,model_delta,recv,,
48,S13,ORCH,1040,model_delta,recv,,
48,S6,ORCH,1040,model_delta,recv,,
48,S8,ORCH,1040,model_delta,recv,,
48,S15,ORCH,1040,model_delta,recv,,
48,S2,ORCH,1040,model_delta,recv,,
48,S10,ORCH,1040,model_delta,recv,,
48,S17,ORCH,1040,model_delta,recv,,
48,ORCH,S10,1040,agg,send,,
48,ORCH,S10,1040,agg,recv,,
48,ORCH,S11,1040,agg,send,,
48,ORCH,S11,1040,agg,recv,,
48,ORCH,S13,1040,agg,send,,
48,ORCH,S13,1040,agg,recv,,
48,ORCH,S14,1040,agg,send,,
48,ORCH,S14,1040,agg,recv,,
48,ORCH,S15,1040,agg,send,,
48,ORCH,S15,1040,agg,recv,,
48,ORCH,S16,1040,agg,send,,
48,ORCH,S16,1040,agg,recv,,
48,ORCH,S17,1040,agg,send,,
48,ORCH,S17,1040,agg,recv,,
48,ORCH,S2,1040,agg,send,,
48,ORCH,S2,1040,agg,recv,,
48,ORCH,S3,1040,agg,send,,
48,ORCH,S3,1040,agg,recv,,
48,ORCH,S4,1040,agg,send,,
48,ORCH,S4,1040,agg,recv,,
48,ORCH,S5,1040,agg,send,,
48,ORCH,S5,1040,agg,recv,,
48,ORCH,S6,1040,agg,send,,
48,ORCH,S6,1040,agg,recv,,
48,ORCH,S7,1040,agg,send,,
48,ORCH,S7,1040,agg,recv,,
48,ORCH,S8,1040,agg,send,,
48,ORCH,S8,1040,agg,recv,,
48,ORCH,S9,1040,agg,send,,
48,ORCH,S9,1040,agg,recv,,
49,S17,ORCH,1040,model_delta,send,,
49,S8,ORCH,1040,model_delta,send,,
49,S13,ORCH,1040,model_delta,send,,
49,S7,ORCH,1040,model_delta,send,,
49,S16,ORCH,1040,model_delta,send,,
49,S11,ORCH,1040,model_delta,send,,
49,S14,ORCH,1040,model_delta,send,,
49,S2,ORCH,1040,model_delta,send,,
49,S6,ORCH,1040,model_delta,send,,
49,S9,ORCH,1040,model_delta,send,,
49,S15,ORCH,1040,model_delta,send,,
49,S4,ORCH,1040,model_delta,send,,
49,S10,ORCH,1040,model_delta,send,,
49,S5,ORCH,1040,model_delta,send,,
49,S3,ORCH,1040,model_delta,send,,
49,S16,ORCH,1040,model_delta,recv,,
49,S3,ORCH,1040,model_delta,recv,,
49,S14,ORCH,1040,model_delta,recv,,
49,S2,ORCH,1040,model_delta,recv,,
49,S15,ORCH,1040,model_delta,recv,,
49,S13,ORCH,1040,model_delta,recv,,
49,S10,ORCH,1040,model_delta,recv,,
49,S11,ORCH,1040,model_delta,recv,,
49,S9,ORCH,1040,model_delta,recv,,
49,S8,ORCH,1040,model_delta,recv,,
49,S7,ORCH,1040,model_delta,recv,,
49,S6,ORCH,1040,model_delta,recv,,
49,S5,ORCH,1040,model_delta,recv,,
49,S17,ORCH,1040,model_delta,recv,,
49,S4,ORCH,1040,model_delta,recv,,
49,ORCH,S10,1040,agg,send,,
49,ORCH,S10,1040,agg,recv,,
49,ORCH,S11,1040,agg,send,,
49,ORCH,S11,1040,agg,recv,,
49,ORCH,S13,1040,agg,send,,
49,ORCH,S13,1040,agg,recv,,
49,ORCH,S14,1040,agg,send,,
49,ORCH,S14,1040,agg,recv,,
49,ORCH,S15,1040,agg,send,,
49,ORCH,S15,1040,agg,recv,,
49,ORCH,S16,1040,agg,send,,
49,ORCH,S16,1040,agg,recv,,
49,ORCH,S17,1040,agg,send,,
49,ORCH,S17,1040,agg,recv,,
49,ORCH,S2,1040,agg,send,,
49,ORCH,S2,1040,agg,recv,,
49,ORCH,S3,1040,agg,send,,
49,ORCH,S3,1040,agg,recv,,
49,ORCH,S4,1040,agg,send,,
49,ORCH,S4,1040,agg,recv,,
49,ORCH,S5,1040,agg,send,,
49,ORCH,S5,1040,agg,recv,,
49,ORCH,S6,1040,agg,send,,
49,ORCH,S6,1040,agg,recv,,
49,ORCH,S7,1040,agg,send,,
49,ORCH,S7,1040,agg,recv,,
49,ORCH,S8,1040,agg,send,,
49,ORCH,S8,1040,agg,recv,,
49,ORCH,S9,1040,agg,send,,
49,ORCH,S9,1040,agg,recv,,
